Period: Step1, Chains depth: 6, Method: MMPA
DOSEXT: Decay gamma effective dose rate (rotational, ICRP74) at distance 1 m (mSv/h)
DOSINH: Effective dose per inhalation EAF2010/ICRP72 (Sv)
FISS: Fission (fragments+decay) [Power] (Watt), Fission [Rate] (fission/s)
HEAT: decay power [Sum Alpha Beta Gamma](Watt)
-------------------------------------------------------------------------------------
TIME	DOSEXT	DOSINH	FISSP	FISSR	HEATS	HEATA	HEATB	HEATG
0.0000e+00	1.2357e-06	6.7966e-01	4.6632e+03	1.5024e+14	5.9176e-08	5.6539e-08	5.3423e-10	2.1025e-09
3.6000e+03	5.9190e+04	6.6735e+06	4.6620e+03	1.5021e+14	2.3922e+02	1.7501e-01	1.2452e+02	1.1452e+02
Nulicdes at time = 3.600e+03 sec. ---------------------------------------------------
Name	Atoms	Activity(Bq)	Mass(g)	DoseInh(Sv)
H-1	2.4564e+07	0.0000e+00	4.1109e-17	0.0000e+00
H-2	7.8024e+14	0.0000e+00	2.6095e-09	0.0000e+00
H-3	4.7825e+13	8.5265e+04	2.3952e-10	2.2169e-05
He-3	2.2746e+10	0.0000e+00	1.1392e-13	0.0000e+00
He-4	2.1859e+15	0.0000e+00	1.4529e-08	0.0000e+00
C-14	1.9303e+00	7.4382e-12	4.4885e-23	4.3142e-20
O-16	2.9340e+01	0.0000e+00	7.7927e-22	0.0000e+00
O-17	5.1794e+07	0.0000e+00	1.4620e-15	0.0000e+00
O-18	1.1934e+07	0.0000e+00	3.5668e-16	0.0000e+00
O-19	3.1348e+04	8.0836e+02	9.8922e-19	6.2244e-10
F-18	2.7592e+01	2.9039e-03	8.2477e-22	1.7133e-13
F-19	6.3467e+09	0.0000e+00	2.0022e-13	0.0000e+00
F-20	6.7337e+12	4.1812e+11	2.2363e-10	1.3798e-01
F-21	4.4753e+04	7.4605e+03	1.5606e-18	6.5652e-10
Ne-20	1.4985e+15	0.0000e+00	4.9748e-08	0.0000e+00
Ne-21	4.2128e+13	0.0000e+00	1.4686e-09	0.0000e+00
Ne-22	5.3390e+14	0.0000e+00	1.9497e-08	0.0000e+00
Ne-23	3.9892e+05	7.4252e+03	1.5232e-17	3.2671e-06
Na-21	5.5142e+03	1.6995e+02	1.9227e-19	8.8374e-12
Na-22	1.3542e+14	1.1428e+06	4.9459e-09	1.4857e-03
Na-23	2.6195e+22	0.0000e+00	1.0000e+00	0.0000e+00
Na-24	3.9080e+15	5.0174e+10	1.5569e-07	1.3547e+01
Na-24m	2.2927e+10	7.8750e+11	9.1337e-13	4.0950e-08
Na-25	1.0810e+06	1.2679e+04	4.4860e-17	1.5215e-09
Mg-24	9.1008e+13	0.0000e+00	3.6247e-09	0.0000e+00
Mg-25	2.3022e+07	0.0000e+00	9.5518e-16	0.0000e+00
Al-29	1.3144e+06	2.3147e+03	6.3253e-17	3.4720e-08
Si-28	1.1305e+00	0.0000e+00	5.2520e-23	0.0000e+00
Si-29	3.6440e+06	0.0000e+00	1.7534e-16	0.0000e+00
Si-30	1.1822e+06	0.0000e+00	5.8841e-17	0.0000e+00
Si-31	8.5302e+06	6.2648e+02	4.3876e-16	4.9492e-08
Si-32	2.5644e+03	3.6814e-07	1.3615e-19	4.0495e-14
Si-33	3.3055e+02	3.7499e+01	1.8101e-20	1.3875e-11
P-31	6.8875e+07	0.0000e+00	3.5425e-15	0.0000e+00
P-32	6.3112e+14	3.5499e+08	3.3509e-08	1.2070e+00
P-33	3.8428e+10	1.2166e+04	2.1039e-12	1.8249e-05
P-34	2.4129e+11	1.3456e+10	1.3612e-11	2.2874e-02
P-35	1.8173e+02	2.6632e+00	1.0554e-20	1.7044e-11
S-32	6.3919e+11	0.0000e+00	3.3935e-11	0.0000e+00
S-33	5.0739e+12	0.0000e+00	2.7780e-10	0.0000e+00
S-34	2.5745e+14	0.0000e+00	1.4521e-08	0.0000e+00
S-35	6.0377e+11	5.5351e+04	3.5059e-11	1.0517e-04
S-36	3.7091e+13	0.0000e+00	2.2152e-09	0.0000e+00
S-37	2.1494e+05	4.9170e+02	1.3196e-17	6.3921e-09
Cl-35	1.2869e+22	0.0000e+00	7.4724e-01	0.0000e+00
Cl-36	2.0293e+17	1.4808e+04	1.2120e-05	1.0810e-04
Cl-37	4.1175e+21	0.0000e+00	2.5274e-01	0.0000e+00
Cl-38	3.8775e+14	1.2032e+11	2.4446e-08	5.4143e+00
Cl-38m	2.2003e+10	2.1331e+10	1.3872e-12	6.1859e-04
Ar-36	2.6148e+07	0.0000e+00	1.5617e-15	0.0000e+00
Ar-37	4.8551e+06	1.1116e+00	2.9803e-16	4.2241e-08
Ar-38	2.5607e+14	0.0000e+00	1.6142e-08	0.0000e+00
Ar-39	2.6806e+07	2.1887e-03	1.7344e-15	8.3172e-08
Ar-40	1.5209e+03	0.0000e+00	1.0093e-19	0.0000e+00
K-39	2.0698e+00	0.0000e+00	1.3392e-22	0.0000e+00
Ga-77	5.4995e+03	2.8878e+02	7.0253e-19	9.8187e-09
Ga-78	9.5910e+08	1.3061e+08	1.2412e-13	2.8734e-03
Ga-79	1.0793e+11	2.6276e+10	1.4146e-11	6.8319e-01
Ge-76	7.0267e+04	0.0000e+00	8.8585e-18	0.0000e+00
Ge-77	5.0676e+05	8.6346e+00	6.4730e-17	3.1948e-09
Ge-78	3.7414e+11	4.9117e+07	4.8412e-11	4.6661e-03
Ge-79	7.0416e+11	2.5716e+10	9.2287e-11	2.2116e-02
Ge-79m	1.0801e+12	1.9196e+10	1.4156e-10	4.0313e-02
Ge-80	6.5951e+12	1.5496e+11	8.7530e-10	2.6344e-01
Ge-81	2.1038e+12	1.9187e+11	2.8271e-10	1.4198e-01
Ge-81m	2.7753e+11	2.5312e+10	3.7296e-11	1.7971e-02
Ge-82	1.2619e+12	1.9224e+11	1.7168e-10	0.0000e+00
Ge-83	1.9520e+11	7.3138e+10	2.6883e-11	0.0000e+00
Ge-84	3.9880e+10	2.8975e+10	5.5585e-12	0.0000e+00
As-77	1.0793e+04	5.3518e-02	1.3786e-18	2.0872e-11
As-78	8.1690e+10	1.0405e+07	1.0570e-11	9.2604e-04
As-79	3.4070e+13	4.3685e+10	4.4650e-09	6.9895e-01
As-80	3.8608e+12	1.7606e+11	5.1239e-10	2.4649e-01
As-81	1.4909e+13	3.1034e+11	2.0034e-09	6.2068e-01
As-82	1.0687e+13	3.8783e+11	1.4538e-09	8.5322e-01
As-82m	8.2707e+11	4.2153e+10	1.1251e-10	9.6952e-02
As-83	1.0038e+13	5.1923e+11	1.3822e-09	1.1423e+00
As-84	1.0714e+12	1.7681e+11	1.4931e-10	2.6522e-01
As-85	5.4051e+11	1.8538e+11	7.6230e-11	0.0000e+00
As-86	4.1886e+10	3.0723e+10	5.9772e-12	0.0000e+00
As-87	6.1769e+10	7.6456e+10	8.9175e-12	0.0000e+00
Se-77	4.8059e+01	0.0000e+00	6.1385e-21	0.0000e+00
Se-78	1.3472e+10	0.0000e+00	1.7431e-12	0.0000e+00
Se-79	1.0856e+14	8.0832e+00	1.4227e-08	5.4965e-08
Se-79m	1.4355e+13	4.2304e+10	1.8811e-09	1.0999e-01
Se-80	6.2344e+14	0.0000e+00	8.2733e-08	0.0000e+00
Se-81	4.3178e+14	2.7036e+11	5.8018e-08	4.0554e+00
Se-81m	2.8207e+13	5.6888e+09	3.7900e-09	2.9013e-01
Se-82	1.7396e+15	0.0000e+00	2.3663e-07	0.0000e+00
Se-83	1.2017e+15	6.2255e+11	1.6546e-07	2.1167e+01
Se-83m	5.1547e+12	5.0969e+10	7.0975e-10	1.6820e+03
Se-84	3.5139e+14	1.2452e+12	4.8966e-08	4.6073e+04
Se-85	3.4990e+13	7.6508e+11	4.9341e-09	2.8308e+04
Se-86	2.7231e+13	1.3199e+12	3.8853e-09	0.0000e+00
Se-87	9.1612e+12	1.1546e+12	1.3224e-09	0.0000e+00
Se-88	8.9890e+11	4.0724e+11	1.3125e-10	0.0000e+00
Se-89	4.3833e+10	7.4104e+10	6.4733e-12	0.0000e+00
Se-90	1.3307e+07	5.7292e+07	1.9874e-15	0.0000e+00
Br-79	1.0983e+04	0.0000e+00	1.4393e-18	0.0000e+00
Br-81	6.4008e+14	0.0000e+00	8.6004e-08	0.0000e+00
Br-82	1.7344e+08	9.4652e+02	2.3593e-14	5.9631e-07
Br-82m	6.9065e+07	1.3016e+05	9.3946e-15	7.0285e-05
Br-83	1.4536e+15	1.1662e+11	2.0014e-07	5.5976e+00
Br-84	2.4500e+15	8.9116e+11	3.4139e-07	3.2973e+01
Br-84m	1.3517e+13	2.6025e+10	1.8835e-09	6.5063e+02
Br-85	2.8202e+14	1.1235e+12	3.9767e-08	5.6173e+03
Br-86	1.3251e+14	1.6700e+12	1.8906e-08	9.0180e+03
Br-87	2.4754e+14	3.0832e+12	3.5728e-08	3.6998e+02
Br-88	5.9213e+13	2.5195e+12	8.6451e-09	7.0547e+03
Br-89	1.0464e+13	1.6485e+12	1.5452e-09	0.0000e+00
Br-90	2.3261e+12	8.3975e+11	3.4736e-10	0.0000e+00
Br-91	2.6458e+11	3.3899e+11	3.9952e-11	0.0000e+00
Br-92	2.0120e+10	4.0658e+10	3.0716e-12	0.0000e+00
Br-93	7.0780e+00	4.8099e+01	1.0924e-21	0.0000e+00
Kr-82	6.1187e+06	0.0000e+00	8.3227e-16	0.0000e+00
Kr-83	1.6545e+13	0.0000e+00	2.2780e-09	0.0000e+00
Kr-83m	1.5179e+14	1.5970e+10	2.0898e-08	2.5552e+01
Kr-84	1.8625e+15	0.0000e+00	2.5951e-07	0.0000e+00
Kr-85	5.4468e+13	1.1123e+05	7.6800e-09	4.2266e+00
Kr-85m	3.4671e+15	1.4901e+11	4.8886e-07	5.8113e+03
Kr-86	6.6134e+15	0.0000e+00	9.4345e-07	0.0000e+00
Kr-87	1.0603e+16	1.6054e+12	1.5303e-06	8.9901e+04
Kr-88	1.6592e+16	1.1249e+12	2.4222e-06	2.2498e+05
Kr-89	1.8664e+15	6.8448e+12	2.7557e-07	3.2855e+04
Kr-90	3.4005e+14	7.2928e+12	5.0774e-08	9.4806e+03
Kr-91	6.3393e+13	5.1273e+12	9.5712e-09	0.0000e+00
Kr-92	6.7615e+12	2.5471e+12	1.0321e-09	0.0000e+00
Kr-93	1.3660e+12	7.3628e+11	2.1080e-10	0.0000e+00
Kr-94	4.0275e+10	1.3168e+11	6.2822e-12	0.0000e+00
Kr-95	2.2617e+07	1.3752e+08	3.5656e-15	0.0000e+00
Rb-85	2.0005e+14	0.0000e+00	2.8208e-08	0.0000e+00
Rb-86	1.1750e+07	5.0597e+00	1.6763e-15	4.7055e-09
Rb-86m	1.0623e+05	1.2067e+03	1.5155e-17	5.9129e-10
Rb-87	3.0904e+15	1.4112e-03	4.4600e-07	7.0561e-13
Rb-88	1.1379e+15	7.3967e+11	1.6612e-07	1.1835e+01
Rb-89	8.6329e+15	6.5829e+12	1.2746e-06	9.2161e+01
Rb-90	1.5062e+15	6.6077e+12	2.2489e-07	5.8809e+01
Rb-90m	7.5387e+14	2.0254e+12	1.1256e-07	3.6456e+01
Rb-91	7.1677e+14	8.5073e+12	1.0821e-07	2.9776e+01
Rb-92	4.7400e+13	7.3141e+12	7.2349e-09	2.3405e+00
Rb-93	4.5296e+13	5.3762e+12	6.9893e-09	3.3332e+00
Rb-94	9.7788e+12	2.5086e+12	1.5252e-09	7.5257e-01
Rb-95	6.3145e+11	1.1588e+12	9.9538e-11	0.0000e+00
Rb-96	7.4926e+10	2.5584e+11	1.1936e-11	0.0000e+00
Rb-97	1.4055e+10	5.7611e+10	2.2624e-12	0.0000e+00
Rb-98	2.7233e+02	1.6558e+03	4.4291e-20	0.0000e+00
Sr-86	4.2785e+03	0.0000e+00	6.1035e-19	0.0000e+00
Sr-87	1.7357e+00	0.0000e+00	2.5050e-22	0.0000e+00
Sr-88	1.0877e+15	0.0000e+00	1.5878e-07	0.0000e+00
Sr-89	1.5261e+16	2.4229e+09	2.2530e-06	1.9141e+01
Sr-90	2.8695e+16	2.1892e+07	4.2840e-06	3.5027e+00
Sr-91	3.0157e+16	6.0296e+11	4.5525e-06	2.4721e+02
Sr-92	2.8624e+16	2.0337e+12	4.3686e-06	4.6774e+02
Sr-93	6.0593e+15	9.4300e+12	9.3487e-07	4.6207e+02
Sr-94	9.9805e+14	9.1872e+12	1.5565e-07	5.4204e+01
Sr-95	2.7483e+14	7.9707e+12	4.3319e-08	2.3912e+01
Sr-96	8.7167e+12	5.6467e+12	1.3884e-09	1.2987e+00
Sr-97	1.6418e+12	2.6527e+12	2.6424e-10	0.0000e+00
Sr-98	1.1539e+12	1.2249e+12	1.8765e-10	0.0000e+00
Sr-99	7.8722e+10	2.0210e+11	1.2933e-11	0.0000e+00
Sr-100	4.8745e+07	1.6727e+08	8.0891e-15	0.0000e+00
Y-88	2.5309e+05	1.9043e-02	3.6945e-17	8.3787e-11
Y-89	3.1957e+12	0.0000e+00	4.7178e-10	0.0000e+00
Y-90	3.6268e+10	1.0911e+05	5.4146e-12	1.6367e-04
Y-90m	5.5231e+02	3.3336e-02	8.2457e-20	3.3336e-12
Y-91	5.8361e+14	8.0020e+07	8.8098e-08	7.1218e-01
Y-91m	4.8823e+14	1.1346e+11	7.3700e-08	1.2481e+00
Y-92	3.9222e+15	2.1333e+11	5.9860e-07	3.8399e+01
Y-93	2.7746e+16	5.2478e+11	4.2806e-06	2.2041e+02
Y-93m	3.9009e+12	3.2974e+12	6.0182e-10	1.1871e+01
Y-94	1.4007e+16	8.6531e+12	2.1843e-06	2.4229e+02
Y-95	8.4509e+15	9.4785e+12	1.3319e-06	1.5166e+02
Y-96	4.6122e+13	5.9868e+12	7.3460e-09	5.9868e+02
Y-96m	4.2493e+13	3.0681e+12	6.7679e-09	1.0738e+03
Y-97	2.5111e+13	4.6415e+12	4.0413e-09	4.6415e+02
Y-97m	4.6895e+12	2.7782e+12	7.5471e-10	9.7238e+01
Y-98	2.2953e+12	2.9033e+12	3.7323e-10	8.4195e+01
Y-98m	4.8517e+12	1.6815e+12	7.8890e-10	1.8496e+02
Y-99	6.7003e+12	3.1594e+12	1.1006e-09	0.0000e+00
Y-100	9.1393e+11	8.6188e+11	1.5165e-10	0.0000e+00
Y-100m	9.7665e+11	7.2018e+11	1.6206e-10	0.0000e+00
Y-101	2.7346e+11	4.2122e+11	4.5832e-11	0.0000e+00
Y-102	2.1025e+11	4.0482e+11	3.5588e-11	0.0000e+00
Zr-90	1.2169e+08	0.0000e+00	1.8168e-14	0.0000e+00
Zr-91	8.9253e+10	0.0000e+00	1.3473e-11	0.0000e+00
Zr-92	2.7714e+14	0.0000e+00	4.2294e-08	0.0000e+00
Zr-93	8.2076e+14	1.1783e+01	1.2662e-07	2.9457e-07
Zr-94	2.0208e+16	0.0000e+00	3.1512e-06	0.0000e+00
Zr-95	2.6722e+16	3.3480e+09	4.2113e-06	1.9753e+01
Zr-96	3.4349e+16	3.7723e-11	5.4704e-06	1.1694e-18
Zr-97	3.2176e+16	3.6988e+11	5.1779e-06	3.4029e+02
Zr-98	3.7546e+14	8.4771e+12	6.1045e-08	1.8650e+01
Zr-99	2.5884e+13	8.5435e+12	4.2515e-09	1.8796e+00
Zr-100	9.3435e+13	9.1217e+12	1.5502e-08	0.0000e+00
Zr-101	1.5460e+13	4.6591e+12	2.5908e-09	0.0000e+00
Zr-102	1.2905e+13	3.0844e+12	2.1841e-09	0.0000e+00
Zr-103	1.4186e+12	7.5641e+11	2.4247e-10	0.0000e+00
Zr-104	3.1355e+04	1.8112e+04	5.4113e-18	0.0000e+00
Nb-93	3.1309e+02	0.0000e+00	4.8302e-20	0.0000e+00
Nb-93m	1.2210e+04	1.6626e-05	1.8837e-18	2.9928e-14
Nb-95	4.9095e+12	1.1256e+06	7.7372e-10	2.0261e-03
Nb-95m	5.3502e+10	1.1890e+05	8.4317e-12	1.0463e-04
Nb-96	3.7253e+06	3.0719e+01	5.9329e-16	2.0274e-08
Nb-97	5.8515e+14	9.3758e+10	9.4162e-08	4.2191e+00
Nb-97m	2.9085e+13	3.4345e+11	4.6804e-09	2.4385e+01
Nb-98	3.5704e+13	8.6533e+12	5.8049e-09	1.0384e+02
Nb-98m	1.4422e+14	3.2477e+10	2.3448e-08	1.8837e+00
Nb-99	1.2071e+14	5.5779e+12	1.9826e-08	2.9005e+02
Nb-99m	8.0160e+14	3.7042e+12	1.3166e-07	2.4447e+03
Nb-100	2.0792e+13	9.6078e+12	3.4496e-09	8.3588e+01
Nb-100m	2.0970e+12	4.8612e+11	3.4791e-10	1.0695e+01
Nb-101	7.7504e+13	7.5665e+12	1.2988e-08	3.7076e+02
Nb-102	2.6578e+13	4.2843e+12	4.4980e-09	7.2833e+01
Nb-102m	2.2504e+12	1.1999e+12	3.8085e-10	6.3594e+01
Nb-103	6.2759e+12	2.9001e+12	1.0726e-09	4.6401e+01
Nb-104	3.0700e+12	4.3428e+11	5.2979e-10	2.4754e+01
Nb-104m	5.8895e+11	4.3428e+11	1.0163e-10	4.7771e+00
Nb-105	9.0515e+11	2.1268e+11	1.5771e-10	0.0000e+00
Nb-106	6.5342e+04	4.8700e+04	1.1494e-17	0.0000e+00
Mo-94	1.2437e+02	0.0000e+00	1.9393e-20	0.0000e+00
Mo-95	1.1607e+09	0.0000e+00	1.8292e-13	0.0000e+00
Mo-96	1.6284e+07	0.0000e+00	2.5933e-15	0.0000e+00
Mo-97	1.2135e+14	0.0000e+00	1.9527e-08	0.0000e+00
Mo-98	3.0802e+16	0.0000e+00	5.0077e-06	0.0000e+00
Mo-99	3.2033e+16	9.3485e+10	5.2612e-06	9.2550e+01
Mo-100	3.6623e+16	1.1019e-10	6.0758e-06	2.4243e-18
Mo-101	9.3455e+15	7.3897e+12	1.5660e-06	1.9213e+02
Mo-102	6.1702e+15	6.3080e+12	1.0442e-06	1.8293e+02
Mo-103	4.3582e+14	4.4753e+12	7.4477e-08	1.7454e+01
Mo-104	2.2376e+14	2.5850e+12	3.8611e-08	2.8435e+00
Mo-105	6.2985e+13	1.2263e+12	1.0973e-08	3.8017e+00
Mo-106	6.9134e+12	5.4891e+11	1.2159e-09	0.0000e+00
Mo-107	9.4528e+11	1.8720e+11	1.6783e-10	0.0000e+00
Mo-108	7.4708e+10	4.7508e+10	1.3389e-11	0.0000e+00
Tc-98	2.8731e+07	1.5025e-07	4.6710e-15	6.7614e-15
Tc-99	2.5142e+13	2.6160e+00	4.1293e-09	3.4008e-08
Tc-99m	1.3894e+14	4.4538e+09	2.2820e-08	8.9076e-02
Tc-100	8.1707e+06	3.6633e+05	1.3555e-15	1.4287e-03
Tc-101	7.5437e+15	6.1372e+12	1.2640e-06	7.3646e+01
Tc-102	4.8041e+13	6.3067e+12	8.1297e-09	1.1983e+04
Tc-102m	2.9076e+02	7.7218e-01	4.9204e-20	1.1583e-07
Tc-103	3.5971e+14	4.6002e+12	6.1468e-08	5.5202e+04
Tc-104	3.6484e+15	2.3032e+12	6.2953e-07	6.6792e+01
Tc-105	8.0312e+14	1.2208e+12	1.3991e-07	2.3195e+05
Tc-106	3.0428e+13	5.9245e+11	5.3515e-09	1.5996e+04
Tc-107	6.8795e+12	2.2493e+11	1.2214e-09	3.8238e+03
Tc-108	6.5278e+11	8.7519e+10	1.1698e-10	5.1636e+02
Tc-109	2.9811e+10	2.4027e+10	5.3918e-12	3.1235e+01
Tc-110	1.1894e+08	8.9612e+07	2.1711e-14	0.0000e+00
Ru-99	3.1494e+03	0.0000e+00	5.1725e-19	0.0000e+00
Ru-100	2.2171e+09	0.0000e+00	3.6781e-13	0.0000e+00
Ru-101	1.1278e+16	0.0000e+00	1.8897e-06	0.0000e+00
Ru-102	1.7042e+16	0.0000e+00	2.8837e-06	0.0000e+00
Ru-103	1.5754e+16	3.2203e+09	2.6920e-06	9.6608e+00
Ru-104	5.4313e+15	0.0000e+00	9.3711e-07	0.0000e+00
Ru-105	3.3249e+15	1.4419e+11	5.7921e-07	2.5953e+01
Ru-106	2.0956e+15	4.5219e+07	3.6855e-07	2.9844e+00
Ru-107	7.3014e+13	2.2493e+11	1.2962e-08	2.6992e+00
Ru-108	3.4467e+13	8.7512e+10	6.1761e-09	1.7502e+00
Ru-109	1.1950e+12	2.4008e+10	2.1611e-10	9.1231e-02
Ru-110	1.4991e+09	8.9577e+07	2.7361e-13	1.3436e-04
Ru-111	1.4058e+01	4.5963e+00	2.5892e-21	1.7466e-12
Rh-103	1.1525e+12	0.0000e+00	1.9694e-10	0.0000e+00
Rh-103m	4.3710e+12	8.9987e+08	7.4690e-10	2.4297e-03
Rh-104	9.6217e+05	1.5766e+04	1.6601e-16	1.7343e-08
Rh-104m	3.6109e+05	9.6118e+02	6.2303e-17	7.5933e-09
Rh-105	2.1962e+14	1.1959e+09	3.8258e-08	4.1856e-01
Rh-105m	2.3142e+12	4.0102e+10	4.0314e-10	1.0026e-02
Rh-106	7.4712e+09	1.7222e+08	1.3139e-12	2.2388e-04
Rh-106m	1.0780e+11	9.5065e+06	1.8958e-11	1.0457e-03
Rh-107	3.4599e+14	1.8419e+11	6.1421e-08	3.1313e+00
Rh-108	2.1210e+12	8.7511e+10	3.8006e-10	8.6636e-02
Rh-109	2.7709e+12	2.4008e+10	5.0112e-10	7.2025e-02
Rh-110m	3.6831e+09	8.9577e+07	6.7221e-13	2.0603e-05
Rh-111	7.2619e+01	4.5760e+00	1.3374e-20	4.2557e-12
Rh-113	1.3875e+01	3.4347e+00	2.6015e-21	1.5113e-12
Pd-103	1.2782e+00	6.0350e-07	2.1841e-22	2.7157e-16
Pd-104	1.4004e+07	0.0000e+00	2.4162e-15	0.0000e+00
Pd-105	1.2505e+12	0.0000e+00	2.1784e-10	0.0000e+00
Pd-106	2.1742e+11	0.0000e+00	3.8235e-11	0.0000e+00
Pd-107	3.8302e+14	1.2943e+00	6.7994e-08	7.6364e-10
Pd-107m	1.2758e+01	4.1518e-01	2.2648e-21	1.1210e-13
Pd-108	2.7779e+14	0.0000e+00	4.9774e-08	0.0000e+00
Pd-109	8.0484e+13	1.1310e+09	1.4555e-08	4.1848e-01
Pd-109m	1.6113e+06	3.9690e+03	2.9139e-16	2.1036e-08
Pd-110	3.1751e+11	0.0000e+00	5.7946e-11	0.0000e+00
Pd-111	1.2359e+04	6.1015e+00	2.2761e-18	5.7354e-10
Pd-111m	2.0775e+03	7.2728e-02	3.8261e-19	3.4910e-11
Pd-113	4.4365e+02	3.3066e+00	8.3180e-20	4.2986e-11
Pd-115	1.4050e+02	3.8956e+00	2.6811e-20	2.7659e-11
Pd-116	1.3193e+09	7.7498e+07	2.5394e-13	2.7124e-04
Ag-107	1.6009e+03	0.0000e+00	2.8419e-19	0.0000e+00
Ag-109	1.8955e+12	0.0000e+00	3.4279e-10	0.0000e+00
Ag-109m	6.3535e+10	1.1121e+09	1.1490e-11	5.6717e-05
Ag-111	7.5117e+03	8.0890e-03	1.3834e-18	1.3751e-11
Ag-111m	5.4453e+02	5.8246e+00	1.0028e-19	1.3397e-12
Ag-113	3.4214e+03	1.2267e-01	6.4146e-19	3.0668e-11
Ag-113m	3.0484e+02	3.0757e+00	5.7153e-20	3.0757e-12
Ag-115	3.8865e+03	2.2449e+00	7.4159e-19	6.5104e-11
Ag-116	2.6498e+10	7.7498e+07	5.1002e-12	6.9748e-04
Cd-113	1.9991e+03	5.4614e-21	3.7480e-19	6.5537e-28
Cd-113m	2.4232e+00	3.7748e-09	4.5431e-22	4.1523e-16
Cd-114	4.5997e+00	0.0000e+00	8.7000e-22	0.0000e+00
Cd-115	2.8705e+03	1.0338e-02	5.4770e-19	1.1372e-11
Cd-115m	1.7599e+02	3.1686e-05	3.3580e-20	2.4398e-13
Cd-116	2.5121e+11	1.7799e-16	4.8349e-11	2.6699e-23
Cd-117	2.8065e+03	2.1701e-01	5.4482e-19	3.6893e-11
Cd-117m	1.4448e+03	8.2790e-02	2.8047e-19	1.7386e-11
Cd-120	3.4879e+02	4.7591e+00	6.9449e-20	9.9941e-11
In-115m	9.6989e+00	4.1628e-04	1.8506e-21	2.4561e-14
In-117	9.7752e+01	2.6141e-02	1.8976e-20	7.5808e-13
In-117m	2.0610e+02	2.0490e-02	4.0008e-20	1.4753e-12
In-120	2.1120e+01	4.7531e+00	4.2053e-21	8.0803e-12
In-123	1.8102e+01	2.0336e+00	3.6946e-21	6.5077e-12
In-125	1.8387e+08	5.4003e+07	3.8139e-14	1.0801e-04
In-127	1.5289e+08	9.7227e+07	3.2222e-14	1.1667e-04
In-129	2.3491e+00	2.6692e+00	5.0288e-22	0.0000e+00
In-131	2.2310e+07	5.5228e+07	4.8504e-15	0.0000e+00
In-132	1.3226e+01	4.4288e+01	2.8976e-21	0.0000e+00
Sn-117	3.1737e+01	0.0000e+00	6.1609e-21	0.0000e+00
Sn-120	8.3751e+03	0.0000e+00	1.6675e-18	0.0000e+00
Sn-123	1.1807e+02	7.3312e-06	2.4096e-20	5.9383e-14
Sn-123m	2.5741e+03	7.4231e-01	5.2534e-19	2.0042e-11
Sn-124	1.5164e+06	0.0000e+00	3.1199e-16	0.0000e+00
Sn-125	3.6254e+10	3.0171e+04	7.5196e-12	9.3531e-05
Sn-125m	3.5726e+10	4.3354e+07	7.4102e-12	6.5031e+01
Sn-126	2.6274e+14	2.5091e+01	5.4932e-08	7.0255e-07
Sn-127	4.2184e+14	3.8677e+10	8.8898e-08	5.0280e+00
Sn-127m	5.7930e+11	1.6204e+09	1.2208e-10	1.9445e+03
Sn-128	1.1982e+15	2.3434e+11	2.5450e-07	2.1559e+01
Sn-128m	2.1756e+12	2.3201e+11	4.6211e-10	6.9602e+03
Sn-129	6.8789e+13	3.5636e+11	1.4725e-08	4.2763e+05
Sn-129m	1.7743e+14	2.9706e+11	3.7981e-08	1.2476e+06
Sn-130	2.6501e+14	8.2300e+11	5.7171e-08	1.9752e+06
Sn-130m	1.2111e+14	8.2300e+11	2.6126e-08	9.0530e+05
Sn-131	5.3983e+13	6.6818e+11	1.1736e-08	3.7418e+05
Sn-131m	5.6292e+13	6.6813e+11	1.2237e-08	6.0800e+05
Sn-132	5.1260e+13	8.9498e+11	1.1229e-08	0.0000e+00
Sn-133	4.3899e+11	2.0841e+11	9.6896e-11	0.0000e+00
Sn-134	4.0531e+10	2.6756e+10	9.0139e-12	0.0000e+00
Sn-135	3.6567e+01	4.7823e+01	8.1933e-21	0.0000e+00
Sb-123	9.5967e+02	0.0000e+00	1.9586e-19	0.0000e+00
Sb-125	1.2227e+11	9.7357e+02	2.5360e-11	1.1683e-05
Sb-126	1.6438e+04	1.0678e-02	3.4368e-18	3.4170e-11
Sb-126m	1.5836e+05	9.5531e+01	3.3109e-17	1.9106e-09
Sb-126m2	1.6341e+03	1.0297e+02	3.4165e-19	1.9564e-11
Sb-127	7.8493e+13	1.6356e+08	1.6541e-08	3.1077e-01
Sb-128	1.0814e+13	2.3110e+08	2.2970e-09	9.7062e-02
Sb-128m	1.6842e+14	1.8708e+11	3.5772e-08	2.8063e+00
Sb-129	2.2871e+15	1.0008e+11	4.8957e-07	2.5020e+01
Sb-129m	7.3792e+13	4.8162e+10	1.5796e-08	1.3967e+00
Sb-130	2.2795e+15	6.6667e+11	4.9173e-07	3.5333e+01
Sb-130m	8.0563e+14	1.4773e+12	1.7379e-07	1.9205e+01
Sb-131	6.3881e+15	3.2044e+12	1.3887e-06	1.4099e+02
Sb-132	6.9341e+14	2.8712e+12	1.5189e-07	1.8088e+01
Sb-132m	4.6573e+14	1.3123e+12	1.0202e-07	1.1810e+01
Sb-133	7.8514e+14	3.6281e+12	1.7329e-07	1.5601e+01
Sb-134	6.3508e+11	5.6437e+11	1.4123e-10	0.0000e+00
Sb-134m	7.8765e+12	5.4216e+11	1.7516e-09	0.0000e+00
Sb-135	5.3308e+11	2.2007e+11	1.1944e-10	0.0000e+00
Sb-136	2.3150e+10	1.7385e+10	5.2255e-12	0.0000e+00
Sb-137	3.6101e+07	5.5608e+07	8.2090e-15	0.0000e+00
Te-125	1.1231e+06	0.0000e+00	2.3294e-16	0.0000e+00
Te-125m	3.3714e+05	4.7120e-02	6.9926e-17	1.9791e-10
Te-126	1.3027e+05	0.0000e+00	2.7236e-17	0.0000e+00
Te-127	1.6888e+11	3.4777e+06	3.5588e-11	4.8688e-04
Te-127m	3.3963e+10	2.4997e+03	7.1571e-12	2.4497e-05
Te-128	2.9122e+14	7.2687e-13	6.1852e-08	2.8348e-18
Te-129	1.2121e+14	2.0119e+10	2.5946e-08	7.8464e-01
Te-129m	1.2094e+14	2.8876e+07	2.5887e-08	2.2812e-01
Te-130	5.6085e+15	0.0000e+00	1.2098e-06	0.0000e+00
Te-131	4.2625e+15	1.9697e+12	9.2657e-07	5.5151e+01
Te-131m	1.7370e+15	1.0059e+10	3.7759e-07	9.4550e+00
Te-132	2.2144e+16	5.5446e+10	4.8503e-06	1.1089e+02
Te-133	5.3046e+15	4.9025e+12	1.1707e-06	9.8049e+01
Te-133m	1.2988e+16	2.7084e+12	2.8665e-06	2.3563e+02
Te-134	2.4062e+16	6.6501e+12	5.3505e-06	4.5220e+02
Te-135	1.3817e+14	5.0406e+12	3.0955e-08	2.9236e+03
Te-136	5.0566e+13	2.0029e+12	1.1413e-08	0.0000e+00
Te-137	2.1313e+12	5.9330e+11	4.8460e-10	0.0000e+00
Te-138	2.0264e+11	1.0033e+11	4.6411e-11	0.0000e+00
Te-139	1.5973e+02	3.1907e+02	3.6851e-20	0.0000e+00
I-126	3.9284e+02	2.4374e-04	8.2132e-20	2.3887e-12
I-127	3.2518e+09	0.0000e+00	6.8526e-13	0.0000e+00
I-128	1.9897e+06	9.1979e+02	4.2259e-16	1.8396e-08
I-129	2.3955e+13	3.3514e-02	5.1277e-09	1.2065e-09
I-130	4.6907e+07	7.3070e+02	1.0119e-14	4.8957e-07
I-130m	2.0925e+07	2.7345e+04	4.5137e-15	1.3126e-06
I-131	3.1749e+15	3.1738e+09	6.9014e-07	2.3486e+01
I-132	9.5564e+13	8.0174e+09	2.0932e-08	8.8192e-01
I-132m	6.7101e+12	9.3148e+08	1.4698e-09	8.1039e-02
I-133	1.7340e+16	1.6051e+11	3.8268e-06	2.4076e+02
I-133m	5.1938e+12	4.0000e+11	1.1463e-09	1.5200e+00
I-134	1.3846e+16	3.0469e+12	3.0789e-06	1.6758e+02
I-134m	1.7103e+14	5.6130e+11	3.8030e-08	1.3471e+01
I-135	3.2390e+16	9.4921e+11	7.2561e-06	3.0375e+02
I-136	4.8116e+14	3.9990e+12	1.0859e-07	3.5591e+02
I-136m	1.2860e+14	1.9007e+12	2.9025e-08	9.8836e+01
I-137	1.6102e+14	4.5555e+12	3.6609e-08	1.5489e+02
I-138	2.0230e+13	2.2507e+12	4.6331e-09	0.0000e+00
I-139	3.8389e+12	1.1671e+12	8.8562e-10	0.0000e+00
I-140	2.5670e+11	2.0690e+11	5.9647e-11	0.0000e+00
I-141	3.8127e+10	6.1460e+10	8.9229e-12	0.0000e+00
I-142	1.8061e+01	5.6390e+01	4.2569e-21	0.0000e+00
Xe-128	6.2789e+05	0.0000e+00	1.3336e-16	0.0000e+00
Xe-129	2.9674e+01	0.0000e+00	6.3517e-21	0.0000e+00
Xe-130	4.3413e+06	0.0000e+00	9.3646e-16	0.0000e+00
Xe-131	3.3618e+12	0.0000e+00	7.3076e-10	0.0000e+00
Xe-131m	3.6847e+10	2.4967e+04	8.0096e-12	2.4218e-02
Xe-132	1.0155e+13	0.0000e+00	2.2242e-09	0.0000e+00
Xe-133	2.1474e+14	3.2858e+08	4.7392e-08	1.5443e+02
Xe-133m	6.2766e+12	2.2993e+07	1.3852e-09	1.0347e+01
Xe-134	4.8761e+15	0.0000e+00	1.0842e-06	0.0000e+00
Xe-134m	2.1958e+10	5.2483e+10	4.8825e-12	1.7319e-01
Xe-135	1.8836e+15	3.9680e+10	4.2196e-07	4.3647e+03
Xe-135m	4.7808e+14	3.6121e+11	1.0710e-07	2.0589e+03
Xe-136	3.4461e+16	0.0000e+00	7.7772e-06	0.0000e+00
Xe-137	3.0419e+15	9.2041e+12	6.9156e-07	2.3010e+04
Xe-138	1.1020e+16	9.0418e+12	2.5237e-06	1.8084e+05
Xe-139	4.3618e+14	7.6194e+12	1.0062e-07	8.3814e+03
Xe-140	1.0801e+14	5.5051e+12	2.5097e-08	0.0000e+00
Xe-141	4.7244e+12	1.8929e+12	1.1056e-09	0.0000e+00
Xe-142	1.1670e+12	6.5764e+11	2.7504e-10	0.0000e+00
Xe-143	1.7359e+10	4.0108e+10	4.1201e-12	0.0000e+00
Xe-144	9.7227e+07	5.8602e+07	2.3239e-14	0.0000e+00
Cs-132	3.4599e+04	4.2835e-02	7.5783e-18	1.2850e-11
Cs-133	3.2188e+11	0.0000e+00	7.1038e-11	0.0000e+00
Cs-134	6.5097e+05	6.9234e-03	1.4475e-16	1.3847e-10
Cs-134m	6.4299e+04	4.2514e+00	1.4297e-17	2.5509e-10
Cs-135	5.8375e+13	5.5747e-01	1.3077e-08	4.7943e-09
Cs-136	2.4681e+12	1.5046e+06	5.5700e-10	4.2129e-03
Cs-136m	5.9470e+04	2.1695e+03	1.3421e-17	4.9899e-10
Cs-137	3.0293e+16	2.2120e+07	6.8869e-06	8.6269e-01
Cs-138	1.6213e+16	5.6060e+12	3.7128e-06	2.4106e+02
Cs-138m	8.6045e+13	3.4159e+11	1.9705e-08	1.4347e+00
Cs-139	7.6206e+15	9.4969e+12	1.7578e-06	9.4019e+01
Cs-140	7.9536e+14	8.6546e+12	1.8479e-07	1.8175e+01
Cs-141	2.2636e+14	6.3163e+12	5.2968e-08	4.5478e+00
Cs-142	9.9855e+12	4.1101e+12	2.3533e-09	0.0000e+00
Cs-143	5.5935e+12	2.1648e+12	1.3275e-09	0.0000e+00
Cs-144	9.0718e+11	6.3260e+11	2.1682e-10	0.0000e+00
Cs-145	9.7161e+10	1.1473e+11	2.3384e-11	0.0000e+00
Cs-146	8.5977e+01	1.8565e+02	2.0836e-20	0.0000e+00
Ba-134	4.3313e+00	0.0000e+00	9.6308e-22	0.0000e+00
Ba-135	5.7944e+02	0.0000e+00	1.2980e-19	0.0000e+00
Ba-136	2.7109e+09	0.0000e+00	6.1178e-13	0.0000e+00
Ba-136m	7.4127e+04	1.6660e+05	1.6729e-17	1.2495e-05
Ba-137	3.2080e+10	0.0000e+00	7.2930e-12	0.0000e+00
Ba-137m	4.3136e+09	1.9527e+07	9.8065e-13	2.3432e-01
Ba-138	9.5797e+15	0.0000e+00	2.1937e-06	0.0000e+00
Ba-139	2.2063e+16	3.0687e+12	5.0892e-06	1.8105e+02
Ba-140	3.2898e+16	2.0696e+10	7.6431e-06	1.2003e+02
Ba-141	1.2515e+16	7.9133e+12	2.9284e-06	2.6905e+02
Ba-142	7.8374e+15	8.5417e+12	1.8470e-06	1.8792e+02
Ba-143	1.7492e+14	8.3619e+12	4.1514e-08	1.0870e+05
Ba-144	1.1029e+14	6.6475e+12	2.6358e-08	0.0000e+00
Ba-145	1.8191e+13	2.9255e+12	4.3778e-09	0.0000e+00
Ba-146	4.4326e+12	1.3840e+12	1.0741e-09	0.0000e+00
Ba-147	4.7553e+11	3.6869e+11	1.1603e-10	0.0000e+00
Ba-148	2.9669e+10	3.3603e+10	7.2884e-12	0.0000e+00
La-137	1.1123e+02	4.0719e-11	2.5287e-20	3.5425e-19
La-138	8.4345e+08	1.8163e-10	1.9315e-13	2.7244e-17
La-139	4.8637e+15	0.0000e+00	1.1219e-06	0.0000e+00
La-140	3.6105e+13	1.7256e+08	8.3880e-09	1.8982e-01
La-141	1.7928e+16	8.8060e+11	4.1950e-06	1.3209e+02
La-142	2.0057e+16	2.5434e+12	4.7265e-06	2.2637e+02
La-143	1.0397e+16	8.4581e+12	2.4673e-06	1.7762e+02
La-144	4.8719e+14	8.2768e+12	1.1643e-07	6.7870e+00
La-145	2.0857e+14	5.8294e+12	5.0192e-08	3.2645e+00
La-146	2.2739e+13	2.5138e+12	5.5100e-09	5.0275e-01
La-146m	1.6300e+13	1.1298e+12	3.9496e-09	3.5024e-01
La-147	7.8825e+12	1.3457e+12	1.9232e-09	1.2515e-01
La-148	9.8755e+11	5.4327e+11	2.4259e-10	0.0000e+00
La-149	1.8348e+11	1.2113e+11	4.5378e-11	0.0000e+00
La-150	1.9590e+10	1.5789e+10	4.8774e-12	0.0000e+00
Ce-140	2.0238e+11	0.0000e+00	4.7016e-11	0.0000e+00
Ce-141	1.2399e+15	3.0599e+08	2.9011e-07	1.1627e+00
Ce-142	4.0034e+15	0.0000e+00	9.4338e-07	0.0000e+00
Ce-143	2.1446e+16	1.2498e+11	5.0894e-06	1.0373e+02
Ce-144	2.9393e+16	8.2765e+08	7.0241e-06	4.3865e+01
Ce-145	1.5534e+15	5.9619e+12	3.7380e-07	7.1542e+01
Ce-146	5.0552e+15	4.3195e+12	1.2249e-06	4.0171e+02
Ce-147	2.3266e+14	2.8593e+12	5.6762e-08	1.6012e+01
Ce-148	1.9524e+14	2.4166e+12	4.7957e-08	2.1991e+01
Ce-149	9.0031e+12	1.1775e+12	2.2265e-09	1.6484e+00
Ce-150	3.5125e+12	6.0867e+11	8.7449e-10	0.0000e+00
Ce-151	3.8090e+11	1.5001e+11	9.5466e-11	0.0000e+00
Ce-152	6.2825e+10	3.1105e+10	1.5851e-11	0.0000e+00
Pr-140	1.0201e+04	3.4762e+01	2.3699e-18	1.6686e-10
Pr-141	3.0250e+11	0.0000e+00	7.0780e-11	0.0000e+00
Pr-142	2.0455e+05	2.0598e+00	4.8201e-17	1.1329e-09
Pr-142m	6.0826e+04	4.8130e+01	1.4334e-17	3.3691e-10
Pr-143	1.7799e+14	1.0523e+08	4.2239e-08	2.5255e-01
Pr-144	7.5623e+11	5.0557e+08	1.8072e-10	9.1003e-03
Pr-144m	5.5906e+08	8.9702e+05	1.3360e-13	6.9070e-06
Pr-145	1.8669e+16	6.0070e+11	4.4925e-06	1.0212e+02
Pr-146	6.1688e+15	2.9509e+12	1.4947e-06	2.1246e+02
Pr-147	3.7592e+15	3.2409e+12	9.1710e-07	5.8335e+01
Pr-148	4.9090e+14	2.4765e+12	1.2058e-07	2.3031e+01
Pr-148m	1.0416e+13	5.9866e+10	2.5585e-09	5.1485e-01
Pr-149	3.1857e+14	1.6285e+12	7.8781e-08	2.1170e+01
Pr-150	8.4000e+12	9.4062e+11	2.0912e-09	3.4803e-01
Pr-151	1.3955e+13	5.1177e+11	3.4973e-09	1.2283e+00
Pr-152	9.7760e+11	1.8667e+11	2.4664e-10	0.0000e+00
Pr-153	3.4427e+11	5.5755e+10	8.7429e-11	0.0000e+00
Nd-142	1.5792e+04	0.0000e+00	3.7212e-18	0.0000e+00
Nd-143	1.0497e+11	0.0000e+00	2.4910e-11	0.0000e+00
Nd-144	6.9164e+11	6.6338e-12	1.6528e-10	6.3021e-19
Nd-145	1.0155e+15	0.0000e+00	2.4436e-07	0.0000e+00
Nd-146	5.0424e+15	0.0000e+00	1.2218e-06	0.0000e+00
Nd-147	8.2446e+15	6.0240e+09	2.0114e-06	1.4457e+01
Nd-148	8.4346e+15	0.0000e+00	2.0717e-06	0.0000e+00
Nd-149	4.6054e+15	5.1315e+11	1.1389e-06	4.5671e+01
Nd-150	3.5554e+15	9.8852e-12	8.8512e-07	8.3036e-20
Nd-151	6.5698e+14	6.1010e+11	1.6465e-07	1.0372e+01
Nd-152	3.8513e+14	3.9028e+11	9.7158e-08	3.3954e+00
Nd-153	1.0220e+13	2.2418e+11	2.5954e-09	1.1658e-01
Nd-154	3.2889e+12	8.8020e+10	8.4067e-10	5.4572e-02
Nd-155	3.4191e+11	2.6628e+10	8.7963e-11	0.0000e+00
Pm-146	1.4894e+06	5.9158e-03	3.6088e-16	1.2423e-10
Pm-147	8.4952e+12	7.1126e+04	2.0725e-09	3.5563e-04
Pm-148	8.0462e+07	1.2025e+02	1.9763e-14	2.6455e-07
Pm-148m	7.0430e+07	1.3684e+01	1.7299e-14	7.8001e-08
Pm-149	9.2578e+14	3.3581e+09	2.2893e-07	2.4514e+00
Pm-150	1.5180e+11	1.0906e+07	3.7790e-11	1.4178e-03
Pm-151	1.5918e+15	1.0792e+10	3.9891e-07	4.9641e+00
Pm-152	1.3709e+14	3.8439e+11	3.4584e-08	1.7298e+00
Pm-152m	1.8129e+09	2.7850e+06	4.5735e-13	3.3420e-05
Pm-152m2	1.7753e+07	1.4861e+04	4.4786e-15	4.1612e-07
Pm-153	1.0184e+14	2.2410e+11	2.5861e-08	8.5158e-01
Pm-154	1.3181e+13	8.8020e+10	3.3691e-09	2.6406e-01
Pm-154m	2.0311e+02	8.7552e-01	5.1915e-20	4.3776e-12
Pm-155	2.7521e+12	4.5967e+10	7.0802e-10	5.5160e-02
Sm-146	1.1162e+01	2.3803e-15	2.7045e-21	2.6183e-20
Sm-147	7.0185e+07	1.4543e-11	1.7122e-14	1.3961e-16
Sm-148	7.2713e+05	2.2816e-18	1.7860e-16	1.9394e-23
Sm-149	3.9363e+12	0.0000e+00	9.7337e-10	0.0000e+00
Sm-150	2.3580e+10	0.0000e+00	5.8701e-12	0.0000e+00
Sm-151	1.5596e+13	3.8063e+03	3.9086e-09	1.5225e-05
Sm-152	9.1953e+14	0.0000e+00	2.3197e-07	0.0000e+00
Sm-153	6.9020e+14	2.8579e+09	1.7526e-07	1.8005e+00
Sm-154	3.0048e+14	0.0000e+00	7.6802e-08	0.0000e+00
Sm-155	7.4498e+13	3.8594e+10	1.9165e-08	6.5609e-01
Sm-156	6.8798e+00	1.4092e-04	1.7813e-21	3.1002e-14
Eu-151	3.8325e+06	0.0000e+00	9.6044e-16	0.0000e+00
Eu-152	1.7874e+03	2.9001e-06	4.5090e-19	1.2180e-13
Eu-152m	9.2337e+02	1.9093e-02	2.3294e-19	4.2004e-12
Eu-153	4.5330e+12	0.0000e+00	1.1511e-09	0.0000e+00
Eu-154	1.4398e+08	3.6769e-01	3.6802e-14	1.9488e-08
Eu-154m	1.9282e+06	4.8425e+02	4.9284e-16	9.6849e-10
Eu-155	8.7864e+13	4.0604e+05	2.2603e-08	2.8016e-03
Eu-156	4.4092e+10	2.3287e+04	1.1416e-11	7.9176e-05
Eu-157	2.2024e+05	2.7935e+00	5.7390e-17	7.8218e-10
Gd-152	8.8479e+00	1.7994e-21	2.2320e-21	3.4189e-26
Gd-154	3.9054e+02	0.0000e+00	9.9818e-20	0.0000e+00
Gd-155	5.3861e+08	0.0000e+00	1.3856e-13	0.0000e+00
Gd-156	2.5320e+07	0.0000e+00	6.5556e-15	0.0000e+00
Gd-157	2.0540e+03	0.0000e+00	5.3523e-19	0.0000e+00
Ra-229	1.9309e+00	5.5768e-03	7.3438e-22	3.4576e-10
Ac-229	7.5617e+00	1.3932e-03	2.8759e-21	1.0171e-10
Th-229	9.5726e+03	2.8645e-08	3.6406e-18	6.8749e-12
Th-230	1.3329e+05	3.8839e-08	5.0914e-17	3.8839e-12
Th-231	2.8413e+08	2.1437e+03	1.0900e-13	7.0741e-07
Th-232	4.8316e+11	7.5533e-07	1.8617e-10	8.3086e-11
Th-233	3.3354e+06	1.7279e+03	1.2907e-15	3.1103e-07
Th-234	3.4358e+00	1.1437e-06	1.3353e-21	8.8067e-15
Pa-231	3.8763e+06	2.5989e-06	1.4871e-15	3.6385e-10
Pa-232	5.2105e+03	3.1668e-02	2.0076e-18	3.1668e-10
Pa-233	2.0287e+10	6.0335e+03	7.8505e-12	2.3530e-05
Pa-234	6.9958e+04	2.0104e+00	2.7188e-17	8.0417e-10
Pa-234m	4.1279e+03	4.1145e+01	1.6043e-18	6.5832e-09
Pa-235	6.4555e+04	3.0514e+01	2.5196e-17	5.7977e-08
U-231	7.4868e+02	1.4301e-03	2.8723e-19	5.7203e-13
U-232	1.1224e+06	3.5781e-04	4.3247e-16	1.3239e-08
U-233	3.8537e+13	5.3169e+00	1.4913e-08	5.1042e-05
U-234	4.6440e+14	4.1550e+01	1.8048e-07	3.9057e-04
U-235	2.5615e+21	7.9941e+04	9.9975e-01	6.7950e-01
U-235m	2.6187e+09	1.1636e+06	1.0221e-12	5.0033e-08
U-236	9.1409e+16	8.5728e+01	3.5829e-05	7.4584e-04
U-237	8.9982e+10	1.0695e+05	3.5419e-11	2.0320e-04
U-238	4.8926e+06	2.4052e-11	1.9340e-15	1.9242e-16
Np-237	1.2838e+08	1.3152e-06	5.0535e-14	6.5762e-11
Np-238	1.8668e+03	7.0744e-03	7.3794e-19	2.4761e-11
Pu-238	5.0967e+00	1.2765e-09	2.0147e-21	1.4041e-13
-----------------------------------------------------------------------------------------
ORILL V.1.0 - Copyright 2017-2018 - Franck Chanteloup @ Institue Laue-Langevin - Job done.