Period: P_2, Chains depth: 8, Method: DIAG
DOSEXT: Gamma effective dose rate Hp (rotational, ICRP74) at distance 1 m (mSv/h)
DOSINH: Effective dose per inhalation EAF2010/ICRP72 (Sv)
FISS: Fission (fragments+decay) [Power] (Watt), Fission [Rate] (fission/s)
HEAT: Decay power [Sum Alpha Beta Gamma](Watt)
----------------------------------------------------------------------------------------------------
      STEP      TIME    DOSEXT    DOSINH     FISSP     FISSR     HEATS     HEATA     HEATB     HEATG
 0.000e+00 3.600e+03 8.348e+05 6.675e+07 0.000e+00 0.000e+00 2.420e+03 1.750e+00 1.256e+03 1.162e+03
 1.000e+03 4.600e+03 1.589e+05 7.798e+06 0.000e+00 0.000e+00 3.264e+02 6.749e-07 1.413e+02 1.851e+02
 1.000e+04 1.460e+04 1.978e+04 1.574e+06 0.000e+00 0.000e+00 3.783e+01 5.662e-07 1.568e+01 2.215e+01
 1.000e+05 1.146e+05 1.133e+03 3.327e+05 0.000e+00 0.000e+00 2.132e+00 5.663e-07 9.217e-01 1.211e+00

Nulicdes at time = 1.146e+05 sec. ------------------------------------------------------------------
  ZZAAAm     Name        Atoms Activity(Bq)      Mass(g)  DoseInh(Sv)
   10010      H-1    1.472e+17    0.000e+00    2.463e-07    0.000e+00
   10020      H-2    1.393e+16    0.000e+00    4.661e-08    0.000e+00
   10030      H-3    1.808e+15    3.223e+06    9.055e-09    8.381e-04
   20030     He-3    3.638e+11    0.000e+00    1.822e-12    0.000e+00
   20040     He-4    1.063e+17    0.000e+00    7.063e-07    0.000e+00
   80160     O-16    9.723e+00    0.000e+00    2.582e-22    0.000e+00
   80170     O-17    1.604e+01    0.000e+00    4.526e-22    0.000e+00
   80180     O-18    7.715e+01    0.000e+00    2.306e-21    0.000e+00
   90190     F-19    1.082e+07    0.000e+00    3.413e-16    0.000e+00
  100200    Ne-20    2.401e+08    0.000e+00    7.970e-15    0.000e+00
  100210    Ne-21    4.165e+08    0.000e+00    1.452e-14    0.000e+00
  100220    Ne-22    5.653e+08    0.000e+00    2.064e-14    0.000e+00
  110220    Na-22    2.150e+07    1.815e-01    7.854e-16    2.359e-10
  110230    Na-23    7.509e+15    0.000e+00    2.866e-07    0.000e+00
  110240    Na-24    2.321e+16    2.979e+11    9.244e-07    8.044e+01
  120240    Mg-24    7.555e+16    0.000e+00    3.009e-06    0.000e+00
  120250    Mg-25    1.808e+15    0.000e+00    7.502e-08    0.000e+00
  120260    Mg-26    9.936e+16    0.000e+00    4.287e-06    0.000e+00
  130260    Al-26    4.265e+15    1.307e+02    1.840e-07    2.613e-06
  130270    Al-27    2.232e+24    0.000e+00    1.000e+02    0.000e+00
  140280    Si-28    1.885e+17    0.000e+00    8.758e-06    0.000e+00
  140290    Si-29    5.431e+09    0.000e+00    2.613e-13    0.000e+00
  140300    Si-30    6.342e+01    0.000e+00    3.157e-21    0.000e+00
  320760    Ge-76    7.075e+05    0.000e+00    8.920e-17    0.000e+00
  320770    Ge-77    1.087e+06    1.853e+01    1.389e-16    6.856e-09
  320780    Ge-78    2.145e+06    2.815e+02    2.775e-16    2.675e-08
  330750    As-75    5.303e+03    0.000e+00    6.597e-19    0.000e+00
  330760    As-76    3.880e+02    2.847e-03    4.892e-20    2.107e-12
  330770    As-77    4.937e+06    2.448e+01    6.306e-16    9.547e-09
  330780    As-78    3.985e+07    5.075e+03    5.156e-15    4.517e-07
  340760    Se-76    4.942e+02    0.000e+00    6.231e-20    0.000e+00
  340770    Se-77    2.257e+06    0.000e+00    2.882e-16    0.000e+00
  340771   Se-77m    2.041e+00    8.149e-02    2.607e-22    4.808e-11
  340780    Se-78    5.729e+12    0.000e+00    7.412e-10    0.000e+00
  340790    Se-79    1.589e+15    1.183e+02    2.082e-07    8.045e-07
  340800    Se-80    6.340e+15    0.000e+00    8.414e-07    0.000e+00
  340810    Se-81    2.595e+04    1.625e+01    3.486e-18    2.437e-10
  340811   Se-81m    5.463e+04    1.102e+01    7.341e-18    5.619e-10
  340820    Se-82    1.753e+16    0.000e+00    2.384e-06    0.000e+00
  350790    Br-79    8.692e+11    0.000e+00    1.139e-10    0.000e+00
  350800    Br-80    3.213e+05    2.100e+02    4.264e-17    1.974e-09
  350801   Br-80m    4.499e+06    1.960e+02    5.970e-16    1.489e-08
  350810    Br-81    1.118e+16    0.000e+00    1.502e-06    0.000e+00
  350820    Br-82    1.302e+09    7.103e+03    1.771e-13    4.475e-06
  350830    Br-83    3.928e+12    3.151e+08    5.408e-10    1.513e-02
  360790    Kr-79    4.369e+00    2.401e-05    5.726e-22    5.042e-12
  360800    Kr-80    8.636e+08    0.000e+00    1.146e-13    0.000e+00
  360810    Kr-81    1.413e+02    1.355e-11    1.899e-20    2.982e-17
  360820    Kr-82    1.159e+09    0.000e+00    1.576e-13    0.000e+00
  360830    Kr-83    2.839e+16    0.000e+00    3.909e-06    0.000e+00
  360831   Kr-83m    1.181e+13    1.243e+09    1.626e-09    1.988e+00
  360840    Kr-84    4.679e+16    0.000e+00    6.520e-06    0.000e+00
  360850    Kr-85    8.639e+15    1.764e+07    1.218e-06    6.704e+02
  360851   Kr-85m    3.211e+14    1.380e+10    4.527e-08    5.381e+02
  360860    Kr-86    6.790e+16    0.000e+00    9.686e-06    0.000e+00
  360870    Kr-87    5.461e+09    8.269e+05    7.882e-13    4.631e-02
  360880    Kr-88    8.979e+13    6.088e+09    1.311e-08    1.218e+03
  370830    Rb-83    3.924e+01    3.652e-06    5.403e-21    2.520e-15
  370840    Rb-84    2.311e+08    5.649e+01    3.220e-14    5.649e-08
  370850    Rb-85    3.149e+16    0.000e+00    4.441e-06    0.000e+00
  370860    Rb-86    4.251e+09    1.831e+03    6.065e-13    1.702e-06
  370870    Rb-87    1.396e+17    6.374e-02    2.014e-05    3.187e-11
  370880    Rb-88    1.046e+13    6.797e+09    1.526e-09    1.087e-01
  380840    Sr-84    2.482e+05    0.000e+00    3.458e-17    0.000e+00
  380860    Sr-86    2.098e+08    0.000e+00    2.993e-14    0.000e+00
  380870    Sr-87    9.475e+08    0.000e+00    1.367e-13    0.000e+00
  380871   Sr-87m    1.031e+05    7.052e+00    1.488e-17    1.481e-10
  380880    Sr-88    1.887e+17    0.000e+00    2.754e-05    0.000e+00
  380890    Sr-89    2.532e+17    4.021e+10    3.739e-05    3.176e+02
  380900    Sr-90    3.130e+17    2.388e+08    4.673e-05    3.820e+01
  380910    Sr-91    3.364e+16    6.725e+11    5.078e-06    2.757e+02
  380920    Sr-92    1.078e+14    7.659e+09    1.645e-08    1.762e+00
  390880     Y-88    2.511e+06    1.889e-01    3.665e-16    8.313e-10
  390890     Y-89    4.512e+15    0.000e+00    6.661e-07    0.000e+00
  390891    Y-89m    8.759e+07    3.876e+06    1.293e-14    3.178e-04
  390900     Y-90    2.279e+13    6.856e+07    3.402e-09    1.028e-01
  390901    Y-90m    3.827e+05    2.310e+01    5.713e-17    2.310e-09
  390910     Y-91    2.818e+17    3.864e+10    4.254e-05    3.439e+02
  390911    Y-91m    1.863e+15    4.329e+11    2.812e-07    4.762e+00
  390920     Y-92    2.555e+15    1.390e+11    3.900e-07    2.502e+01
  390930     Y-93    4.158e+16    7.864e+11    6.415e-06    3.303e+02
  400890    Zr-89    4.312e+01    1.059e-04    6.365e-21    5.823e-14
  400900    Zr-90    4.074e+12    0.000e+00    6.083e-10    0.000e+00
  400910    Zr-91    2.868e+15    0.000e+00    4.330e-07    0.000e+00
  400920    Zr-92    3.262e+17    0.000e+00    4.978e-05    0.000e+00
  400930    Zr-93    3.052e+17    4.382e+03    4.709e-05    1.095e-04
  400940    Zr-94    3.523e+17    0.000e+00    5.493e-05    0.000e+00
  400950    Zr-95    3.496e+17    4.381e+10    5.510e-05    2.585e+02
  400960    Zr-96    3.447e+17    3.785e-10    5.489e-05    1.173e-17
  400970    Zr-97    9.004e+16    1.035e+12    1.449e-05    9.523e+02
  410930    Nb-93    8.188e+06    0.000e+00    1.263e-15    0.000e+00
  410931   Nb-93m    3.186e+08    4.338e-01    4.915e-14    7.809e-10
  410940    Nb-94    7.279e+06    7.876e-06    1.135e-15    3.859e-13
  410950    Nb-95    4.827e+15    1.107e+09    7.606e-07    1.992e+00
  410951   Nb-95m    4.720e+13    1.049e+08    7.438e-09    9.230e-02
  410960    Nb-96    1.487e+07    1.226e+02    2.369e-15    8.094e-08
  410970    Nb-97    6.966e+15    1.116e+12    1.121e-06    5.023e+01
  410971   Nb-97m    8.340e+13    9.848e+11    1.342e-08    6.992e+01
  410981   Nb-98m    2.010e+04    4.526e+00    3.268e-18    2.625e-10
  420940    Mo-94    1.709e+04    0.000e+00    2.665e-18    0.000e+00
  420950    Mo-95    6.265e+13    0.000e+00    9.874e-09    0.000e+00
  420960    Mo-96    1.860e+08    0.000e+00    2.962e-14    0.000e+00
  420970    Mo-97    2.328e+17    0.000e+00    3.747e-05    0.000e+00
  420980    Mo-98    3.137e+17    0.000e+00    5.100e-05    0.000e+00
  420990    Mo-99    2.388e+17    6.970e+11    3.923e-05    6.901e+02
  421000   Mo-100    3.675e+17    1.106e-09    6.096e-05    2.432e-17
  430970    Tc-97    3.650e+02    1.904e-12    5.874e-20    3.428e-21
  430971   Tc-97m    4.536e+01    3.999e-06    7.299e-21    1.640e-14
  430980    Tc-98    2.879e+08    1.506e-06    4.681e-14    6.776e-14
  430990    Tc-99    7.277e+16    7.572e+03    1.195e-05    9.843e-05
  430991   Tc-99m    2.024e+16    6.487e+11    3.324e-06    1.297e+01
  440980    Ru-98    2.348e+02    0.000e+00    3.817e-20    0.000e+00
  440990    Ru-99    2.276e+12    0.000e+00    3.738e-10    0.000e+00
  441000   Ru-100    2.231e+10    0.000e+00    3.701e-12    0.000e+00
  441010   Ru-101    2.826e+17    0.000e+00    4.736e-05    0.000e+00
  441020   Ru-102    2.330e+17    0.000e+00    3.944e-05    0.000e+00
  441030   Ru-103    1.619e+17    3.309e+10    2.766e-05    9.928e+01
  441040   Ru-104    9.309e+16    0.000e+00    1.606e-05    0.000e+00
  441050   Ru-105    3.425e+14    1.485e+10    5.966e-08    2.673e+00
  441060   Ru-106    2.128e+16    4.592e+08    3.743e-06    3.031e+01
  451020   Rh-102    8.422e+05    3.260e-02    1.425e-16    5.541e-10
  451021  Rh-102m    4.826e+05    2.833e-03    8.167e-17    2.011e-11
  451030   Rh-103    3.611e+15    0.000e+00    6.171e-07    0.000e+00
  451031  Rh-103m    1.590e+14    3.274e+10    2.717e-08    8.839e-02
  451050   Rh-105    2.704e+16    1.472e+11    4.711e-06    5.154e+01
  451051  Rh-105m    2.435e+11    4.220e+09    4.243e-11    1.055e-03
  451060   Rh-106    1.992e+10    4.592e+08    3.504e-12    5.970e-04
  451061  Rh-106m    6.047e+07    5.332e+03    1.063e-14    5.866e-07
  461020   Pd-102    8.028e+02    0.000e+00    1.359e-19    0.000e+00
  461030   Pd-103    3.438e+01    1.623e-05    5.876e-21    7.306e-15
  461040   Pd-104    4.639e+08    0.000e+00    8.003e-14    0.000e+00
  461050   Pd-105    1.678e+16    0.000e+00    2.922e-06    0.000e+00
  461060   Pd-106    5.434e+13    0.000e+00    9.556e-09    0.000e+00
  461070   Pd-107    8.101e+15    2.737e+01    1.438e-06    1.615e-08
  461080   Pd-108    3.153e+15    0.000e+00    5.649e-07    0.000e+00
  461090   Pd-109    1.776e+14    2.496e+09    3.212e-08    9.235e-01
  461100   Pd-110    3.443e+12    0.000e+00    6.283e-10    0.000e+00
  461110   Pd-111    2.465e+01    1.217e-02    4.539e-21    1.144e-12
  461111  Pd-111m    4.424e+02    1.549e-02    8.148e-20    7.434e-12
  471070   Ag-107    3.026e+06    0.000e+00    5.373e-16    0.000e+00
  471081  Ag-108m    1.411e+06    7.075e-05    2.528e-16    2.618e-12
  471090   Ag-109    6.869e+14    0.000e+00    1.242e-07    0.000e+00
  471091  Ag-109m    1.426e+11    2.497e+09    2.580e-11    1.273e-04
  471101  Ag-110m    8.946e+06    2.874e-01    1.633e-15    3.448e-09
  471110   Ag-111    2.041e+05    2.197e-01    3.758e-17    3.736e-10
  471111  Ag-111m    1.411e+00    1.509e-02    2.598e-22    3.471e-15
  471130   Ag-113    7.283e+02    2.611e-02    1.365e-19    6.528e-12
  481080   Cd-108    1.586e+06    0.000e+00    2.841e-16    0.000e+00
  481090   Cd-109    2.361e+01    4.105e-07    4.269e-21    3.325e-15
  481100   Cd-110    1.856e+08    0.000e+00    3.387e-14    0.000e+00
  481110   Cd-111    2.682e+04    0.000e+00    4.939e-18    0.000e+00
  481130   Cd-113    6.008e+04    1.641e-19    1.126e-17    1.970e-26
  481131  Cd-113m    6.875e+02    1.071e-06    1.289e-19    1.178e-13
  481140   Cd-114    4.754e+01    0.000e+00    8.991e-21    0.000e+00
  481150   Cd-115    2.787e+05    1.004e+00    5.318e-17    1.104e-09
  481151  Cd-115m    3.266e+05    5.880e-02    6.232e-17    4.528e-10
  481160   Cd-116    2.976e+12    2.109e-15    5.728e-10    3.163e-22
  481170   Cd-117    4.441e+00    3.434e-04    8.621e-22    5.837e-14
  481171  Cd-117m    2.105e+01    1.206e-03    4.086e-21    2.533e-13
  491150   In-115    1.140e+05    5.680e-18    2.176e-17    2.215e-24
  491151  In-115m    2.522e+04    1.082e+00    4.811e-18    6.386e-11
  491170   In-117    9.072e+00    2.426e-03    1.761e-21    7.035e-14
  491171  In-117m    1.333e+01    1.325e-03    2.588e-21    9.541e-14
  501150   Sn-115    5.652e+03    0.000e+00    1.078e-18    0.000e+00
  501170   Sn-117    3.860e+04    0.000e+00    7.494e-18    0.000e+00
  501171  Sn-117m    8.700e+01    5.132e-05    1.689e-20    1.232e-13
  501200   Sn-120    8.592e+04    0.000e+00    1.711e-17    0.000e+00
  501220   Sn-122    1.783e+02    0.000e+00    3.610e-20    0.000e+00
  501230   Sn-123    1.163e+03    7.221e-05    2.373e-19    5.849e-13
  501240   Sn-124    1.518e+07    0.000e+00    3.123e-15    0.000e+00
  501250   Sn-125    3.532e+11    2.940e+05    7.326e-11    9.113e-04
  501260   Sn-126    2.628e+15    2.510e+02    5.494e-07    7.027e-06
  501270   Sn-127    1.605e+11    1.471e+07    3.382e-11    1.913e-03
  501280   Sn-128    4.482e+06    8.767e+02    9.521e-16    8.065e-08
  511230   Sb-123    3.487e+04    0.000e+00    7.117e-18    0.000e+00
  511240   Sb-124    2.696e+05    3.593e-02    5.547e-17    3.090e-10
  511250   Sb-125    1.720e+12    1.369e+04    3.567e-10    1.643e-04
  511260   Sb-126    5.994e+07    3.893e+01    1.253e-14    1.246e-07
  511261  Sb-126m    4.160e+05    2.510e+02    8.697e-17    5.019e-09
  511262 Sb-126m2    2.668e+03    1.681e+02    5.578e-19    3.194e-11
  511270   Sb-127    4.054e+15    8.448e+09    8.543e-07    1.605e+01
  511280   Sb-128    6.202e+13    1.325e+09    1.317e-08    5.566e-01
  511281  Sb-128m    9.578e+05    1.064e+03    2.034e-16    1.596e-08
  511290   Sb-129    1.976e+14    8.646e+09    4.229e-08    2.162e+00
  511300   Sb-130    1.903e+02    5.564e-02    4.104e-20    2.949e-12
  521240   Te-124    5.454e+04    0.000e+00    1.122e-17    0.000e+00
  521250   Te-125    1.171e+09    0.000e+00    2.428e-13    0.000e+00
  521251  Te-125m    3.480e+08    4.864e+01    7.218e-14    2.043e-07
  521260   Te-126    1.369e+08    0.000e+00    2.863e-14    0.000e+00
  521270   Te-127    3.221e+14    6.633e+09    6.788e-08    9.286e-01
  521271  Te-127m    1.574e+14    1.159e+07    3.317e-08    1.135e-01
  521280   Te-128    1.665e+16    4.156e-11    3.536e-06    1.621e-16
  521290   Te-129    6.510e+13    1.080e+10    1.393e-08    4.214e-01
  521291  Te-129m    5.607e+15    1.339e+09    1.200e-06    1.058e+01
  521300   Te-130    9.081e+16    0.000e+00    1.959e-05    0.000e+00
  521310   Te-131    3.711e+13    1.715e+10    8.066e-09    4.801e-01
  521311  Te-131m    1.129e+16    6.538e+10    2.454e-06    6.145e+01
  521320   Te-132    1.769e+17    4.430e+11    3.875e-05    8.859e+02
  521330   Te-133    5.595e+05    5.171e+02    1.235e-16    1.034e-08
  521331  Te-133m    1.164e+07    2.427e+03    2.568e-15    2.111e-07
  521340   Te-134    1.144e+04    3.162e+00    2.544e-18    2.150e-10
  531260    I-126    3.676e+03    2.281e-03    7.684e-19    2.235e-11
  531270    I-127    4.794e+14    0.000e+00    1.010e-07    0.000e+00
  531290    I-129    2.287e+16    3.199e+01    4.895e-06    1.152e-06
  531300    I-130    1.090e+09    1.697e+04    2.350e-13    1.137e-05
  531310    I-131    1.309e+17    1.309e+11    2.846e-05    9.686e+02
  531320    I-132    5.442e+15    4.565e+11    1.192e-06    5.022e+01
  531321   I-132m    1.364e+07    1.894e+03    2.988e-15    1.647e-07
  531330    I-133    1.329e+17    1.230e+12    2.932e-05    1.845e+03
  531331   I-133m    3.156e+03    2.430e+02    6.965e-19    9.236e-10
  531340    I-134    3.255e+07    7.163e+03    7.238e-15    3.940e-07
  531350    I-135    1.259e+16    3.689e+11    2.820e-06    1.180e+02
  541260   Xe-126    1.247e+02    0.000e+00    2.606e-20    0.000e+00
  541280   Xe-128    2.484e+07    0.000e+00    5.275e-15    0.000e+00
  541290   Xe-129    2.702e+06    0.000e+00    5.784e-16    0.000e+00
  541291  Xe-129m    1.279e+01    1.155e-05    2.737e-21    1.155e-11
  541300   Xe-130    5.369e+09    0.000e+00    1.158e-12    0.000e+00
  541310   Xe-131    1.438e+16    0.000e+00    3.125e-06    0.000e+00
  541311  Xe-131m    1.519e+14    1.029e+08    3.302e-08    9.983e+01
  541320   Xe-132    5.235e+16    0.000e+00    1.147e-05    0.000e+00
  541330   Xe-133    2.073e+17    3.172e+11    4.575e-05    1.491e+05
  541331  Xe-133m    5.293e+15    1.939e+10    1.168e-06    8.725e+03
  541340   Xe-134    4.297e+17    0.000e+00    9.554e-05    0.000e+00
  541350   Xe-135    6.946e+16    1.463e+12    1.556e-05    1.610e+05
  541351  Xe-135m    8.386e+13    6.336e+10    1.879e-08    3.611e+02
  541360   Xe-136    3.514e+17    0.000e+00    7.930e-05    0.000e+00
  551320   Cs-132    3.019e+05    3.738e-01    6.613e-17    1.121e-10
  551330   Cs-133    2.104e+16    0.000e+00    4.643e-06    0.000e+00
  551340   Cs-134    1.170e+08    1.244e+00    2.602e-14    2.489e-08
  551341  Cs-134m    1.772e+04    1.172e+00    3.940e-18    7.030e-11
  551350   Cs-135    2.677e+17    2.557e+03    5.997e-05    2.199e-05
  551360   Cs-136    2.314e+13    1.410e+07    5.221e-09    3.949e-02
  551370   Cs-137    3.349e+17    2.445e+08    7.613e-05    9.537e+00
  551380   Cs-138    7.583e+00    2.622e-03    1.737e-21    1.128e-13
  561320   Ba-132    8.367e+02    0.000e+00    1.833e-19    0.000e+00
  561340   Ba-134    1.346e+05    0.000e+00    2.993e-17    0.000e+00
  561350   Ba-135    1.471e+08    0.000e+00    3.296e-14    0.000e+00
  561351  Ba-135m    2.120e+03    1.423e-02    4.750e-19    5.121e-12
  561360   Ba-136    1.659e+12    0.000e+00    3.744e-10    0.000e+00
  561361  Ba-136m    6.949e+05    1.562e+06    1.568e-16    1.171e-04
  561370   Ba-137    2.747e+13    0.000e+00    6.244e-09    0.000e+00
  561371  Ba-137m    5.116e+10    2.316e+08    1.163e-11    2.779e+00
  561380   Ba-138    3.692e+17    0.000e+00    8.455e-05    0.000e+00
  561390   Ba-139    6.145e+10    8.547e+06    1.417e-11    5.043e-04
  561400   Ba-140    3.154e+17    1.984e+11    7.327e-05    1.151e+03
  571370   La-137    7.391e+03    2.705e-09    1.680e-18    2.354e-17
  571380   La-138    8.444e+09    1.818e-09    1.934e-12    2.727e-16
  571390   La-139    3.499e+17    0.000e+00    8.071e-05    0.000e+00
  571400   La-140    1.786e+16    8.535e+10    4.149e-06    9.389e+01
  571410   La-141    1.362e+15    6.691e+10    3.187e-07    1.004e+01
  571420   La-142    2.231e+11    2.829e+07    5.257e-11    2.518e-03
  581390   Ce-139    3.128e+05    1.823e-02    7.216e-17    3.464e-11
  581400   Ce-140    5.313e+15    0.000e+00    1.234e-06    0.000e+00
  581410   Ce-141    3.109e+17    7.673e+10    7.275e-05    2.916e+02
  581420   Ce-142    3.191e+17    0.000e+00    7.520e-05    0.000e+00
  581430   Ce-143    1.681e+17    9.797e+11    3.990e-05    8.132e+02
  581440   Ce-144    2.990e+17    8.420e+09    7.146e-05    4.462e+02
  591410   Pr-141    7.083e+15    0.000e+00    1.657e-06    0.000e+00
  591420   Pr-142    1.086e+08    1.093e+03    2.558e-14    6.013e-07
  591430   Pr-143    1.484e+17    8.776e+10    3.523e-05    2.106e+02
  591440   Pr-144    1.259e+13    8.420e+09    3.010e-09    1.516e-01
  591441  Pr-144m    5.010e+10    8.039e+07    1.197e-11    6.190e-04
  591450   Pr-145    5.754e+15    1.851e+11    1.385e-06    3.147e+01
  601420   Nd-142    2.225e+08    0.000e+00    5.243e-14    0.000e+00
  601430   Nd-143    5.495e+15    0.000e+00    1.304e-06    0.000e+00
  601440   Nd-144    9.380e+14    8.997e-09    2.242e-07    8.547e-16
  601450   Nd-145    2.089e+17    0.000e+00    5.027e-05    0.000e+00
  601460   Nd-146    1.631e+17    0.000e+00    3.953e-05    0.000e+00
  601470   Nd-147    1.130e+17    8.255e+10    2.756e-05    1.981e+02
  601480   Nd-148    9.133e+16    0.000e+00    2.243e-05    0.000e+00
  601490   Nd-149    2.101e+11    2.341e+07    5.196e-11    2.084e-03
  601500   Nd-150    3.568e+16    9.920e-11    8.882e-06    8.333e-19
  611450   Pm-145    1.011e+02    1.255e-07    2.433e-20    4.517e-16
  611460   Pm-146    1.494e+07    5.933e-02    3.619e-15    1.246e-09
  611470   Pm-147    9.592e+15    8.031e+07    2.340e-06    4.015e-01
  611480   Pm-148    1.792e+09    2.678e+03    4.401e-13    5.891e-06
  611481  Pm-148m    1.283e+09    2.493e+02    3.151e-13    1.421e-06
  611490   Pm-149    4.029e+16    1.461e+11    9.962e-06    1.067e+02
  611500   Pm-150    5.224e+08    3.753e+04    1.300e-13    4.879e-06
  611510   Pm-151    1.069e+16    7.246e+10    2.678e-06    3.333e+01
  621460   Sm-146    2.352e+03    5.015e-13    5.698e-19    5.516e-18
  621470   Sm-147    4.542e+12    9.412e-07    1.108e-09    9.036e-12
  621480   Sm-148    3.591e+08    1.127e-15    8.821e-14    9.578e-21
  621490   Sm-149    1.835e+16    0.000e+00    4.538e-06    0.000e+00
  621500   Sm-150    1.753e+12    0.000e+00    4.365e-10    0.000e+00
  621510   Sm-151    1.210e+16    2.953e+06    3.033e-06    1.181e-02
  621520   Sm-152    1.443e+16    0.000e+00    3.640e-06    0.000e+00
  621530   Sm-153    5.071e+15    2.100e+10    1.288e-06    1.323e+01
  621540   Sm-154    3.170e+15    0.000e+00    8.102e-07    0.000e+00
  621560   Sm-156    1.752e+01    3.590e-04    4.538e-21    7.897e-14
  631500   Eu-150    3.317e+00    1.974e-09    8.257e-22    1.046e-16
  631510   Eu-151    1.856e+11    0.000e+00    4.651e-11    0.000e+00
  631520   Eu-152    7.569e+06    1.228e-02    1.909e-15    5.158e-10
  631521  Eu-152m    1.477e+05    3.053e+00    3.725e-17    6.717e-10
  631530   Eu-153    3.002e+15    0.000e+00    7.622e-07    0.000e+00
  631540   Eu-154    1.684e+09    4.301e+00    4.305e-13    2.280e-07
  631550   Eu-155    1.654e+15    7.643e+06    4.255e-07    5.274e-02
  631560   Eu-156    4.159e+11    2.196e+05    1.077e-10    7.468e-04
  631570   Eu-157    5.382e+05    6.826e+00    1.402e-16    1.911e-09
  641500   Gd-150    1.147e+00    1.408e-14    2.856e-22    1.169e-18
  641520   Gd-152    9.806e+05    1.994e-16    2.474e-16    3.789e-21
  641530   Gd-153    1.248e+00    4.165e-08    3.169e-22    8.746e-17
  641540   Gd-154    4.810e+05    0.000e+00    1.230e-16    0.000e+00
  641550   Gd-155    8.471e+11    0.000e+00    2.179e-10    0.000e+00
  641560   Gd-156    2.536e+10    0.000e+00    6.567e-12    0.000e+00
  641570   Gd-157    1.682e+06    0.000e+00    4.383e-16    0.000e+00
  641580   Gd-158    3.248e+02    0.000e+00    8.517e-20    0.000e+00
  822080   Pb-208    9.191e+01    0.000e+00    3.174e-20    0.000e+00
  882280   Ra-228    1.283e+01    4.900e-08    4.857e-21    7.839e-13
  892270   Ac-227    3.532e+03    3.564e-06    1.332e-18    1.960e-09
  902280   Th-228    4.098e+02    4.708e-06    1.552e-19    1.883e-10
  902290   Th-229    6.006e+06    1.797e-05    2.284e-15    4.314e-09
  902300   Th-230    4.856e+07    1.415e-05    1.855e-14    1.415e-09
  902310   Th-231    1.081e+11    8.153e+05    4.146e-11    2.690e-04
  902320   Th-232    4.835e+12    7.559e-06    1.863e-09    8.315e-10
  902340   Th-234    6.251e+01    2.081e-05    2.429e-20    1.602e-13
  912290   Pa-229    2.309e+00    1.235e-05    8.781e-22    2.470e-12
  912300   Pa-230    2.246e+02    1.036e-04    8.581e-20    7.872e-11
  912310   Pa-231    9.300e+10    6.235e-02    3.568e-11    8.730e-06
  912320   Pa-232    4.781e+04    2.906e-01    1.842e-17    2.906e-09
  912330   Pa-233    1.965e+11    5.844e+04    7.604e-11    2.279e-04
  912340   Pa-234    6.473e+09    1.860e+05    2.516e-12    7.441e-05
  922310    U-231    6.080e+03    1.161e-02    2.333e-18    4.645e-12
  922320    U-232    1.148e+07    3.660e-03    4.424e-15    1.354e-07
  922330    U-233    3.855e+14    5.318e+01    1.492e-07    5.106e-04
  922340    U-234    4.748e+15    4.248e+02    1.845e-06    3.993e-03
  922350    U-235    2.562e+22    7.994e+05    9.998e+00    6.795e+00
  922360    U-236    9.135e+17    8.567e+02    3.580e-04    7.453e-03
  922370    U-237    7.779e+11    9.245e+05    3.062e-10    1.757e-03
  922380    U-238    4.825e+07    2.372e-10    1.907e-14    1.898e-15
  932350   Np-235    8.535e+00    1.728e-07    3.331e-21    1.089e-16
  932360   Np-236    1.198e+01    1.720e-12    4.697e-21    1.376e-17
  932361  Np-236m    2.154e+01    1.844e-04    8.445e-21    1.659e-12
  932370   Np-237    1.110e+11    1.137e-03    4.368e-11    5.684e-08
  932380   Np-238    1.208e+04    4.577e-02    4.775e-18    1.602e-10
  932390   Np-239    8.420e+00    2.867e-05    3.343e-21    2.867e-14
  942360   Pu-236    1.724e+01    1.325e-07    6.758e-21    5.300e-12
  942380   Pu-238    6.367e+03    1.595e-06    2.517e-18    1.754e-10
  942390   Pu-239    3.815e+00    3.476e-12    1.514e-21    4.171e-16
------------------------------------------------------------------------------------------
ORILL V.1.0 - Copyright 2017-2020 - Franck Chanteloup @ Institue Laue-Langevin - Job done.