Period: Step2, Chains depth: 6, Method: DIAG
DOSEXT: Decay gamma effective dose rate (rotational, ICRP74) at distance 1 m (mSv/h)
DOSINH: Effective dose per inhalation EAF2010/ICRP72 (Sv)
FISS: Fission (fragments+decay) [Power] (Watt), Fission [Rate] (fission/s)
HEAT: decay power [Sum Alpha Beta Gamma](Watt)
-------------------------------------------------------------------------------------
TIME	DOSEXT	DOSINH	FISSP	FISSR	HEATS	HEATA	HEATB	HEATG
3.6000e+03	5.9190e+04	6.6735e+06	0.0000e+00	0.0000e+00	2.3922e+02	1.7501e-01	1.2452e+02	1.1452e+02
4.6000e+03	1.1249e+04	7.7963e+05	0.0000e+00	0.0000e+00	3.2482e+01	6.7476e-08	1.4082e+01	1.8400e+01
1.4600e+04	1.3928e+03	1.5732e+05	0.0000e+00	0.0000e+00	3.7360e+00	5.6624e-08	1.5632e+00	2.1728e+00
1.1460e+05	7.1698e+01	3.3245e+04	0.0000e+00	0.0000e+00	1.9986e-01	5.6624e-08	9.0570e-02	1.0929e-01
Nulicdes at time = 1.146e+05 sec. ---------------------------------------------------
Name	Atoms	Activity(Bq)	Mass(g)	DoseInh(Sv)
H-1	2.4564e+07	0.0000e+00	4.1109e-17	0.0000e+00
H-2	7.8024e+14	0.0000e+00	2.6095e-09	0.0000e+00
H-3	4.7816e+13	8.5248e+04	2.3947e-10	2.2164e-05
He-3	3.2209e+10	0.0000e+00	1.6131e-13	0.0000e+00
He-4	2.1859e+15	0.0000e+00	1.4529e-08	0.0000e+00
C-14	1.9303e+00	7.4382e-12	4.4885e-23	4.3142e-20
O-16	2.9574e+01	0.0000e+00	7.8548e-22	0.0000e+00
O-17	5.1794e+07	0.0000e+00	1.4620e-15	0.0000e+00
O-18	1.1934e+07	0.0000e+00	3.5668e-16	0.0000e+00
F-19	6.3467e+09	0.0000e+00	2.0022e-13	0.0000e+00
Ne-20	1.5052e+15	0.0000e+00	4.9971e-08	0.0000e+00
Ne-21	4.2128e+13	0.0000e+00	1.4686e-09	0.0000e+00
Ne-22	5.3403e+14	0.0000e+00	1.9501e-08	0.0000e+00
Na-22	1.3529e+14	1.1418e+06	4.9413e-09	1.4843e-03
Na-23	2.6195e+22	0.0000e+00	1.0000e+00	0.0000e+00
Na-24	9.3984e+14	1.2066e+10	3.7441e-08	3.2579e+00
Mg-24	3.0592e+15	0.0000e+00	1.2184e-07	0.0000e+00
Mg-25	2.4103e+07	0.0000e+00	1.0000e-15	0.0000e+00
Si-28	1.2947e+00	0.0000e+00	6.0147e-23	0.0000e+00
Si-29	4.9584e+06	0.0000e+00	2.3858e-16	0.0000e+00
Si-30	1.1822e+06	0.0000e+00	5.8841e-17	0.0000e+00
Si-31	2.4578e+03	1.8051e-01	1.2642e-19	1.4260e-11
Si-32	2.5643e+03	3.6813e-07	1.3615e-19	4.0494e-14
P-31	7.7403e+07	0.0000e+00	3.9811e-15	0.0000e+00
P-32	5.9292e+14	3.3350e+08	3.1480e-08	1.1339e+00
P-33	3.7101e+10	1.1746e+04	2.0313e-12	1.7619e-05
S-32	3.8838e+13	0.0000e+00	2.0619e-09	0.0000e+00
S-33	5.0752e+12	0.0000e+00	2.7787e-10	0.0000e+00
S-34	2.5769e+14	0.0000e+00	1.4535e-08	0.0000e+00
S-35	5.9766e+11	5.4790e+04	3.4704e-11	1.0410e-04
S-36	3.7091e+13	0.0000e+00	2.2152e-09	0.0000e+00
Cl-35	1.2869e+22	0.0000e+00	7.4724e-01	0.0000e+00
Cl-36	2.0293e+17	1.4808e+04	1.2120e-05	1.0810e-04
Cl-37	4.1175e+21	0.0000e+00	2.5274e-01	0.0000e+00
Ar-36	1.6386e+09	0.0000e+00	9.7866e-14	0.0000e+00
Ar-37	4.7333e+06	1.0837e+00	2.9055e-16	4.1181e-08
Ar-38	6.4384e+14	0.0000e+00	4.0586e-08	0.0000e+00
Ar-39	2.6805e+07	2.1887e-03	1.7344e-15	8.3172e-08
Ar-40	1.5209e+03	0.0000e+00	1.0093e-19	0.0000e+00
K-39	2.4502e+02	0.0000e+00	1.5853e-20	0.0000e+00
Ge-76	7.0267e+04	0.0000e+00	8.8585e-18	0.0000e+00
Ge-77	7.7285e+04	1.3169e+00	9.8719e-18	4.8724e-10
Ge-78	1.7607e+05	2.3114e+01	2.2782e-17	2.1958e-09
As-77	3.1391e+05	1.5565e+00	4.0095e-17	6.0705e-10
As-78	3.2713e+06	4.1666e+02	4.2328e-16	3.7083e-08
Se-77	1.3147e+05	0.0000e+00	1.6792e-17	0.0000e+00
Se-78	4.7026e+11	0.0000e+00	6.0845e-11	0.0000e+00
Se-79	1.5885e+14	1.1828e+01	2.0817e-08	8.0427e-08
Se-80	6.3390e+14	0.0000e+00	8.4121e-08	0.0000e+00
Se-81	2.5941e+03	1.6243e+00	3.4857e-19	2.4365e-11
Se-81m	5.4624e+03	1.1017e+00	7.3397e-19	5.6186e-11
Se-82	1.7524e+15	0.0000e+00	2.3837e-07	0.0000e+00
Br-79	1.3205e+06	0.0000e+00	1.7305e-16	0.0000e+00
Br-81	1.1173e+15	0.0000e+00	1.5013e-07	0.0000e+00
Br-82	1.3153e+08	7.1779e+02	1.7892e-14	4.5221e-07
Br-83	3.9258e+11	3.1495e+07	5.4052e-11	1.5118e-03
Kr-82	1.1710e+08	0.0000e+00	1.5928e-14	0.0000e+00
Kr-83	2.8368e+15	0.0000e+00	3.9058e-07	0.0000e+00
Kr-83m	1.1803e+12	1.2419e+08	1.6251e-10	1.9870e-01
Kr-84	4.6788e+15	0.0000e+00	6.5193e-07	0.0000e+00
Kr-85	8.5717e+14	1.7504e+06	1.2086e-07	6.6515e+01
Kr-85m	3.2100e+13	1.3796e+09	4.5262e-09	5.3805e+01
Kr-86	6.7798e+15	0.0000e+00	9.6720e-07	0.0000e+00
Kr-87	5.4568e+08	8.2621e+04	7.8755e-14	4.6268e-03
Kr-88	8.9782e+12	6.0869e+08	1.3107e-09	1.2174e+02
Rb-85	3.1490e+15	0.0000e+00	4.4401e-07	0.0000e+00
Rb-86	1.1303e+07	4.8671e+00	1.6125e-15	4.5264e-09
Rb-87	1.3947e+16	6.3690e-03	2.0128e-06	3.1845e-12
Rb-88	1.0455e+12	6.7956e+08	1.5262e-10	1.0873e-02
Sr-86	5.5762e+05	0.0000e+00	7.9547e-17	0.0000e+00
Sr-87	6.7564e+02	0.0000e+00	9.7506e-20	0.0000e+00
Sr-88	1.8866e+16	0.0000e+00	2.7538e-06	0.0000e+00
Sr-89	2.5322e+16	4.0202e+09	3.7383e-06	3.1760e+01
Sr-90	3.1294e+16	2.3875e+07	4.6720e-06	3.8200e+00
Sr-91	3.3625e+15	6.7230e+10	5.0761e-07	2.7564e+01
Sr-92	1.0778e+13	7.6579e+08	1.6450e-09	1.7613e-01
Y-88	2.5099e+05	1.8884e-02	3.6638e-17	8.3090e-11
Y-89	4.5109e+14	0.0000e+00	6.6595e-08	0.0000e+00
Y-90	2.2787e+12	6.8553e+06	3.4019e-10	1.0283e-02
Y-91	2.8174e+16	3.8631e+09	4.2530e-06	3.4381e+01
Y-91m	1.8623e+14	4.3279e+10	2.8112e-08	4.7607e-01
Y-92	2.5549e+14	1.3896e+10	3.8992e-08	2.5013e+00
Y-93	4.1575e+15	7.8634e+10	6.4142e-07	3.3026e+01
Zr-90	4.0737e+11	0.0000e+00	6.0816e-11	0.0000e+00
Zr-91	2.8673e+14	0.0000e+00	4.3282e-08	0.0000e+00
Zr-92	3.2612e+16	0.0000e+00	4.9769e-06	0.0000e+00
Zr-93	3.0519e+16	4.3813e+02	4.7084e-06	1.0953e-05
Zr-94	3.5222e+16	0.0000e+00	5.4924e-06	0.0000e+00
Zr-95	3.4960e+16	4.3801e+09	5.5096e-06	2.5842e+01
Zr-96	3.4446e+16	3.7830e-11	5.4859e-06	1.1727e-18
Zr-97	8.9906e+15	1.0335e+11	1.4468e-06	9.5085e+01
Nb-93	8.1866e+05	0.0000e+00	1.2630e-16	0.0000e+00
Nb-93m	3.1853e+07	4.3375e-02	4.9141e-15	7.8075e-11
Nb-95	4.8259e+14	1.1065e+08	7.6054e-08	1.9916e-01
Nb-95m	4.7190e+12	1.0487e+07	7.4370e-10	9.2286e-03
Nb-96	1.4916e+06	1.2300e+01	2.3756e-16	8.1178e-09
Nb-97	6.9553e+14	1.1144e+11	1.1193e-07	5.0150e+00
Nb-97m	8.3271e+12	9.8329e+10	1.3400e-09	6.9814e+00
Nb-98m	2.0099e+03	4.5261e-01	3.2677e-19	2.6251e-11
Mo-94	1.2437e+02	0.0000e+00	1.9393e-20	0.0000e+00
Mo-95	6.2645e+12	0.0000e+00	9.8725e-10	0.0000e+00
Mo-96	1.8518e+07	0.0000e+00	2.9490e-15	0.0000e+00
Mo-97	2.3249e+16	0.0000e+00	3.7411e-06	0.0000e+00
Mo-98	3.1366e+16	0.0000e+00	5.0993e-06	0.0000e+00
Mo-99	2.3861e+16	6.9634e+10	3.9189e-06	6.8938e+01
Mo-100	3.6741e+16	1.1055e-10	6.0954e-06	2.4321e-18
Tc-98	2.8731e+07	1.5025e-07	4.6710e-15	6.7614e-15
Tc-99	7.2698e+15	7.5641e+02	1.1940e-06	9.8333e-06
Tc-99m	2.0216e+15	6.4803e+10	3.3203e-07	1.2961e+00
Ru-99	3.7516e+07	0.0000e+00	6.1615e-15	0.0000e+00
Ru-100	2.2253e+09	0.0000e+00	3.6916e-13	0.0000e+00
Ru-101	2.8260e+16	0.0000e+00	4.7352e-06	0.0000e+00
Ru-102	2.3302e+16	0.0000e+00	3.9430e-06	0.0000e+00
Ru-103	1.6186e+16	3.3085e+09	2.7658e-06	9.9255e+00
Ru-104	9.3072e+15	0.0000e+00	1.6058e-06	0.0000e+00
Ru-105	3.4243e+13	1.4849e+09	5.9652e-09	2.6729e-01
Ru-106	2.1279e+15	4.5915e+07	3.7422e-07	3.0304e+00
Rh-103	3.6105e+14	0.0000e+00	6.1695e-08	0.0000e+00
Rh-103m	1.5898e+13	3.2729e+09	2.7166e-09	8.8369e-03
Rh-105	2.7036e+15	1.4722e+10	4.7097e-07	5.1526e+00
Rh-105m	2.4350e+10	4.2195e+08	4.2417e-12	1.0549e-04
Rh-106	1.9919e+09	4.5915e+07	3.5029e-13	5.9689e-05
Rh-106m	6.0455e+06	5.3313e+02	1.0632e-15	5.8645e-08
Pd-103	1.2129e+00	5.7268e-07	2.0726e-22	2.5771e-16
Pd-104	1.5321e+07	0.0000e+00	2.6434e-15	0.0000e+00
Pd-105	1.6772e+15	0.0000e+00	2.9217e-07	0.0000e+00
Pd-106	5.4333e+12	0.0000e+00	9.5548e-10	0.0000e+00
Pd-107	8.0985e+14	2.7366e+00	1.4376e-07	1.6146e-09
Pd-108	3.1511e+14	0.0000e+00	5.6460e-08	0.0000e+00
Pd-109	1.7756e+13	2.4952e+08	3.2111e-09	9.2324e-02
Pd-110	3.2281e+11	0.0000e+00	5.8913e-11	0.0000e+00
Pd-111	2.3764e+00	1.1732e-03	4.3765e-22	1.1028e-13
Pd-111m	4.2653e+01	1.4932e-03	7.8553e-21	7.1672e-13
Ag-107	3.0257e+05	0.0000e+00	5.3712e-17	0.0000e+00
Ag-109	6.8636e+13	0.0000e+00	1.2412e-08	0.0000e+00
Ag-109m	1.4260e+10	2.4960e+08	2.5788e-12	1.2730e-05
Ag-111	1.9896e+04	2.1425e-02	3.6641e-18	3.6423e-11
Ag-113	7.3244e+01	2.6262e-03	1.3732e-20	6.5654e-13
Cd-113	6.0429e+03	1.6509e-20	1.1329e-18	1.9810e-27
Cd-113m	6.9145e+01	1.0771e-07	1.2964e-20	1.1848e-14
Cd-114	4.5997e+00	0.0000e+00	8.7000e-22	0.0000e+00
Cd-115	4.4851e+03	1.6153e-02	8.5577e-19	1.7769e-11
Cd-115m	3.9991e+02	7.1999e-05	7.6305e-20	5.5439e-13
Cd-116	2.7903e+11	1.9770e-16	5.3703e-11	2.9655e-23
Cd-117m	2.4967e+00	1.4307e-04	4.8468e-22	3.0045e-14
In-115	1.7039e+03	8.4863e-20	3.2510e-19	3.3096e-26
In-115m	4.0547e+02	1.7403e-02	7.7364e-20	1.0268e-12
In-117	1.0677e+00	2.8552e-04	2.0727e-22	8.2802e-15
In-117m	1.5439e+00	1.5350e-04	2.9971e-22	1.1052e-14
Sn-115	8.9254e+01	0.0000e+00	1.7030e-20	0.0000e+00
Sn-117	4.5561e+03	0.0000e+00	8.8444e-19	0.0000e+00
Sn-120	8.7450e+03	0.0000e+00	1.7412e-18	0.0000e+00
Sn-123	1.1784e+02	7.3169e-06	2.4049e-20	5.9267e-14
Sn-124	1.5164e+06	0.0000e+00	3.1199e-16	0.0000e+00
Sn-125	3.3086e+10	2.7535e+04	6.8626e-12	8.5359e-05
Sn-126	2.6274e+14	2.5091e+01	5.4932e-08	7.0255e-07
Sn-127	1.6042e+10	1.4708e+06	3.3807e-12	1.9121e-04
Sn-128	4.4816e+05	8.7648e+01	9.5190e-17	8.0636e-09
Sb-123	3.5521e+03	0.0000e+00	7.2493e-19	0.0000e+00
Sb-125	1.6121e+11	1.2836e+03	3.3436e-11	1.5403e-05
Sb-126	4.0689e+05	2.6431e-01	8.5070e-17	8.4581e-10
Sb-126m	4.1592e+04	2.5091e+01	8.6959e-18	5.0182e-10
Sb-126m2	2.6677e+02	1.6810e+01	5.5774e-20	3.1939e-12
Sb-127	4.0524e+14	8.4444e+08	8.5398e-08	1.6044e+00
Sb-128	6.2004e+12	1.3250e+08	1.3170e-09	5.5651e-02
Sb-128m	9.5765e+04	1.0638e+02	2.0340e-17	1.5957e-09
Sb-129	1.9754e+13	8.6443e+08	4.2286e-09	2.1611e-01
Sb-130	1.9022e+01	5.5634e-03	4.1036e-21	2.9486e-13
Te-125	1.0975e+08	0.0000e+00	2.2763e-14	0.0000e+00
Te-125m	3.2621e+07	4.5593e+00	6.7659e-15	1.9149e-08
Te-126	2.6431e+06	0.0000e+00	5.5258e-16	0.0000e+00
Te-127	3.2198e+13	6.6304e+08	6.7852e-09	9.2826e-02
Te-127m	1.5736e+13	1.1582e+06	3.3161e-09	1.1350e-02
Te-128	1.6647e+15	4.1549e-12	3.5356e-07	1.6204e-17
Te-129	6.5082e+12	1.0803e+09	1.3931e-09	4.2130e-02
Te-129m	5.6060e+14	1.3385e+08	1.2000e-07	1.0574e+00
Te-130	9.0798e+15	0.0000e+00	1.9586e-06	0.0000e+00
Te-131	3.7103e+12	1.7145e+09	8.0654e-10	4.8007e-02
Te-131m	1.1288e+15	6.5368e+09	2.4539e-07	6.1446e+00
Te-132	1.7688e+16	4.4289e+10	3.8743e-06	8.8577e+01
Te-133	5.5946e+04	5.1705e+01	1.2347e-17	1.0341e-09
Te-133m	1.1637e+06	2.4266e+02	2.5683e-16	2.1111e-08
Te-134	1.1439e+03	3.1614e-01	2.5436e-19	2.1498e-11
I-126	3.6670e+02	2.2752e-04	7.6666e-20	2.2297e-12
I-127	4.7925e+13	0.0000e+00	1.0099e-08	0.0000e+00
I-129	2.2863e+15	3.1986e+00	4.8940e-07	1.1515e-07
I-130	1.1479e+07	1.7882e+02	2.4763e-15	1.1981e-07
I-131	1.3091e+16	1.3087e+10	2.8456e-06	9.6841e+01
I-132	5.4409e+14	4.5647e+10	1.1918e-07	5.0211e+00
I-132m	1.3638e+06	1.8932e+02	2.9873e-16	1.6471e-08
I-133	1.3284e+16	1.2297e+11	2.9319e-06	1.8446e+02
I-133m	3.1555e+02	2.4302e+01	6.9641e-20	9.2349e-11
I-134	3.2548e+06	7.1621e+02	7.2374e-16	3.9391e-08
I-135	1.2575e+15	3.6854e+10	2.8172e-07	1.1793e+01
Xe-126	1.2437e+01	0.0000e+00	2.6002e-21	0.0000e+00
Xe-128	2.4803e+06	0.0000e+00	5.2678e-16	0.0000e+00
Xe-129	2.7015e+05	0.0000e+00	5.7826e-17	0.0000e+00
Xe-130	6.0693e+07	0.0000e+00	1.3092e-14	0.0000e+00
Xe-131	1.4374e+15	0.0000e+00	3.1245e-07	0.0000e+00
Xe-131m	1.5187e+13	1.0291e+07	3.3013e-09	9.9819e+00
Xe-132	5.2346e+15	0.0000e+00	1.1466e-06	0.0000e+00
Xe-133	2.0727e+16	3.1716e+10	4.5744e-06	1.4906e+04
Xe-133m	5.2921e+14	1.9387e+09	1.1680e-07	8.7239e+02
Xe-134	4.2964e+16	0.0000e+00	9.5533e-06	0.0000e+00
Xe-135	6.9392e+15	1.4618e+11	1.5545e-06	1.6080e+04
Xe-135m	8.3775e+12	6.3296e+09	1.8767e-09	3.6079e+01
Xe-136	3.5133e+16	0.0000e+00	7.9287e-06	0.0000e+00
Cs-132	3.0156e+04	3.7335e-02	6.6053e-18	1.1200e-11
Cs-133	2.1035e+15	0.0000e+00	4.6424e-07	0.0000e+00
Cs-134	7.1439e+05	7.5980e-03	1.5885e-16	1.5196e-10
Cs-134m	4.1763e+01	2.7613e-03	9.2862e-21	1.6568e-13
Cs-135	2.6727e+16	2.5524e+02	5.9873e-06	2.1950e-06
Cs-136	2.3066e+12	1.4062e+06	5.2056e-10	3.9372e-03
Cs-137	3.3485e+16	2.4451e+07	7.6125e-06	9.5359e-01
Ba-132	8.3574e+01	0.0000e+00	1.8306e-20	0.0000e+00
Ba-134	8.3791e+02	0.0000e+00	1.8631e-19	0.0000e+00
Ba-135	1.4683e+07	0.0000e+00	3.2892e-15	0.0000e+00
Ba-136	1.6420e+11	0.0000e+00	3.7055e-11	0.0000e+00
Ba-136m	6.9285e+04	1.5572e+05	1.5636e-17	1.1679e-05
Ba-137	2.7447e+12	0.0000e+00	6.2397e-10	0.0000e+00
Ba-137m	5.1150e+09	2.3155e+07	1.1628e-12	2.7786e-01
Ba-138	3.6918e+16	0.0000e+00	8.4542e-06	0.0000e+00
Ba-139	6.1441e+09	8.5456e+05	1.4172e-12	5.0419e-05
Ba-140	3.1522e+16	1.9830e+10	7.3234e-06	1.1501e+02
La-137	1.1123e+02	4.0719e-11	2.5287e-20	3.5425e-19
La-138	8.4345e+08	1.8163e-10	1.9315e-13	2.7244e-17
La-139	3.4987e+16	0.0000e+00	8.0701e-06	0.0000e+00
La-140	1.7850e+15	8.5312e+09	4.1469e-07	9.3843e+00
La-141	1.3612e+14	6.6859e+09	3.1851e-08	1.0029e+00
La-142	2.2303e+10	2.8283e+06	5.2558e-12	2.5172e-04
Ce-140	5.3107e+14	0.0000e+00	1.2338e-07	0.0000e+00
Ce-141	3.1071e+16	7.6678e+09	7.2700e-06	2.9138e+01
Ce-142	3.1909e+16	0.0000e+00	7.5192e-06	0.0000e+00
Ce-143	1.6810e+16	9.7962e+10	3.9892e-06	8.1309e+01
Ce-144	2.9898e+16	8.4186e+08	7.1448e-06	4.4619e+01
Pr-141	7.0778e+14	0.0000e+00	1.6561e-07	0.0000e+00
Pr-142	8.7035e+04	8.7645e-01	2.0509e-17	4.8205e-10
Pr-143	1.4842e+16	8.7745e+09	3.5221e-06	2.1059e+01
Pr-144	1.2473e+12	8.3386e+08	2.9807e-10	1.5009e-02
Pr-145	5.7532e+14	1.8512e+10	1.3844e-07	3.1470e+00
Nd-142	1.9410e+05	0.0000e+00	4.5739e-17	0.0000e+00
Nd-143	5.4944e+14	0.0000e+00	1.3039e-07	0.0000e+00
Nd-144	9.2899e+13	8.9104e-10	2.2200e-08	8.4649e-17
Nd-145	2.0890e+16	0.0000e+00	5.0267e-06	0.0000e+00
Nd-146	1.6310e+16	0.0000e+00	3.9518e-06	0.0000e+00
Nd-147	1.1294e+16	8.2520e+09	2.7553e-06	1.9805e+01
Nd-148	9.1322e+15	0.0000e+00	2.2431e-06	0.0000e+00
Nd-149	2.1008e+10	2.3408e+06	5.1950e-12	2.0833e-04
Nd-150	3.5674e+15	9.9184e-12	8.8809e-07	8.3314e-20
Pm-146	1.4888e+06	5.9132e-03	3.6072e-16	1.2418e-10
Pm-147	9.5878e+14	8.0274e+06	2.3390e-07	4.0137e-02
Pm-148	6.8221e+07	1.0196e+02	1.6757e-14	2.2430e-07
Pm-148m	6.8928e+07	1.3392e+01	1.6930e-14	7.6337e-08
Pm-149	4.0281e+15	1.4612e+10	9.9610e-07	1.0666e+01
Pm-150	5.2231e+07	3.7524e+03	1.3003e-14	4.8782e-07
Pm-151	1.0686e+15	7.2448e+09	2.6781e-07	3.3326e+00
Sm-146	2.3438e+02	4.9980e-14	5.6788e-20	5.4978e-19
Sm-147	4.5405e+11	9.4084e-08	1.1077e-10	9.0321e-13
Sm-148	1.5609e+07	4.8977e-17	3.8338e-15	4.1630e-22
Sm-149	1.8347e+15	0.0000e+00	4.5370e-07	0.0000e+00
Sm-150	1.7533e+11	0.0000e+00	4.3646e-11	0.0000e+00
Sm-151	1.2100e+15	2.9531e+05	3.0324e-07	1.1812e-03
Sm-152	1.4428e+15	0.0000e+00	3.6397e-07	0.0000e+00
Sm-153	5.0700e+14	2.0993e+09	1.2874e-07	1.3226e+00
Sm-154	3.1695e+14	0.0000e+00	8.1012e-08	0.0000e+00
Eu-151	1.8558e+10	0.0000e+00	4.6507e-12	0.0000e+00
Eu-152	1.7871e+03	2.8996e-06	4.5082e-19	1.2178e-13
Eu-152m	9.3021e+01	1.9234e-03	2.3466e-20	4.2316e-13
Eu-153	3.0014e+14	0.0000e+00	7.6214e-08	0.0000e+00
Eu-154	1.4587e+08	3.7251e-01	3.7284e-14	1.9743e-08
Eu-155	1.6537e+14	7.6421e+05	4.2543e-08	5.2731e-03
Eu-156	4.1582e+10	2.1961e+04	1.0766e-11	7.4668e-05
Eu-157	5.3883e+04	6.8344e-01	1.4041e-17	1.9136e-10
Gd-152	7.5892e+05	1.5434e-16	1.9145e-16	2.9326e-21
Gd-154	4.1718e+04	0.0000e+00	1.0663e-17	0.0000e+00
Gd-155	8.4695e+10	0.0000e+00	2.1788e-11	0.0000e+00
Gd-156	2.5359e+09	0.0000e+00	6.5658e-13	0.0000e+00
Gd-157	1.6841e+05	0.0000e+00	4.3884e-17	0.0000e+00
Ac-227	8.2817e+01	8.3549e-08	3.1221e-20	4.5952e-11
Th-228	4.0177e+01	4.6154e-07	1.5213e-20	1.8462e-11
Th-229	5.9976e+05	1.7947e-06	2.2810e-16	4.3074e-10
Th-230	4.7453e+06	1.3827e-06	1.8126e-15	1.3827e-10
Th-231	6.1327e+09	4.6270e+04	2.3528e-12	1.5269e-05
Th-232	4.8317e+11	7.5534e-07	1.8617e-10	8.3088e-11
Th-234	3.3112e+00	1.1022e-06	1.2868e-21	8.4872e-15
Pa-231	3.0287e+09	2.0306e-03	1.1619e-12	2.8429e-07
Pa-232	2.6539e+03	1.6130e-02	1.0226e-18	1.6130e-10
Pa-233	1.9631e+10	5.8385e+03	7.5968e-12	2.2770e-05
Pa-234	2.8807e+03	8.2784e-02	1.1196e-18	3.3114e-11
U-231	6.0564e+02	1.1569e-03	2.3235e-19	4.6274e-13
U-232	1.1249e+06	3.5861e-04	4.3344e-16	1.3269e-08
U-233	3.8538e+13	5.3170e+00	1.4913e-08	5.1043e-05
U-234	4.6440e+14	4.1550e+01	1.8048e-07	3.9057e-04
U-235	2.5615e+21	7.9941e+04	9.9975e-01	6.7950e-01
U-236	9.1409e+16	8.5728e+01	3.5829e-05	7.4584e-04
U-237	7.8860e+10	9.3727e+04	3.1042e-11	1.7808e-04
U-238	4.8926e+06	2.4052e-11	1.9340e-15	1.9242e-16
Np-237	1.1250e+10	1.1525e-04	4.4281e-12	5.7624e-09
Np-238	1.2258e+03	4.6453e-03	4.8455e-19	1.6258e-11
Pu-238	6.4611e+02	1.6182e-07	2.5540e-19	1.7800e-11
-----------------------------------------------------------------------------------------
ORILL V.1.0 - Copyright 2017-2018 - Franck Chanteloup @ Institue Laue-Langevin - Job done.